348.42,0.0098993,312.48,1.2857,-2.7233,1.9932
345.3,0.015842,310.91,1.6331,-3.115,-1.6649
343.4,0.0027663,309.94,0.8763,-1.9161,-2.1639
346.91,-0.023495,312.47,-0.71945,3.487,0.48378
345.01,-0.011258,311.78,-0.031544,-1.8882,-0.47946
343.06,0.012583,311.21,1.4256,-1.9238,0.41461
340.78,0.0041187,310.04,0.91159,-2.2907,-2.1216
343.13,-0.05547,311.41,-2.9405,2.2917,-2.9344
340.1,0.018714,310.64,1.7724,-2.959,3.4265
341.8,-0.030174,311.71,-1.4351,1.654,-2.5672
338.79,-0.011263,310.34,-0.23932,-2.9969,-0.67244
336.04,-0.0047544,309.02,0.17857,-2.7405,-1.3748
337.72,0.035865,311.05,2.9284,1.7209,4.3252
339.39,0.056303,312.89,4.4154,1.6941,2.9083
345.26,0.057188,317.35,4.5761,5.868,4.2382
346.44,0.12919,319.4,9.7772,1.2611,6.8656
351.53,0.2213,324.31,16.61,5.1834,11.454
352.08,0.26457,325.7,20.276,0.60403,4.9
350.78,0.37693,326.55,29.07,-1.1722,9.5481
354.04,0.35003,329.15,28.08,3.2518,1.6811
353.42,0.38807,329.75,31.769,-0.56024,4.3376
350.19,0.36119,328,30.823,-3.2283,-2.5837
352.04,0.29854,329.32,27.099,1.8059,-2.3072
351.83,0.21837,329.06,21.883,-0.27882,-5.4404
350.66,0.20037,328.69,21.055,-1.1783,-1.2685
346.39,0.18092,326.21,20.082,-4.2709,-3.5297
343.25,0.14617,324.35,17.881,-3.1648,-4.1592
343.01,0.064235,324.03,11.972,-0.31497,-6.3661
338.36,0.082025,321.54,13.415,-4.633,-1.2941
340.76,0.028169,323.22,9.3903,2.3497,-2.564
340.44,0.01408,323.37,8.2628,-0.33011,-1.2689
338.76,0.016299,322.73,8.3562,-1.6743,-0.86043
338.77,0.0073104,323.14,7.5805,0.00090661,-0.67846
338.8,-0.026077,323.39,4.8939,0.00040662,-2.7736
337.49,-0.070284,322.63,1.279,-1.362,-4.7483
337.51,-0.097944,322.88,-1.1967,-0.0039094,-2.6625
337.5,-0.086889,323.38,-0.73806,-0.0054479,0.46912
337.48,-0.061184,323.98,0.90501,-0.004833,1.7578
337.13,-0.055334,324.23,1.0829,-0.34646,-0.023546
338.14,-0.036201,325.48,2.3133,1.0226,2.0351
337.74,0.019701,326.03,6.5091,-0.34273,4.3258
338.7,0.075481,327.51,10.86,1.0198,5.4848
340.37,0.086604,329.19,11.855,1.6793,2.4105
340.32,0.13411,329.95,15.774,0.0048172,4.4287
340.98,0.13558,330.92,16.186,0.66971,1.2003
341.28,0.1642,331.8,18.754,0.33703,3.283
338.59,0.19034,330.66,21.235,-2.6577,1.2201
339.97,0.14882,331.88,18.372,1.3529,-1.7197
339.29,0.1657,332.03,20.047,-0.66062,1.6915
339.31,0.13942,332.42,18.317,0.009217,-1.4384
339.35,0.10103,332.75,15.532,0.007755,-2.5882
341.72,0.051919,334.58,11.748,2.3274,-2.1358
343.37,0.028842,336.05,9.9007,1.6289,-0.62739
344.71,-0.030872,337.12,5.0468,1.2837,-4.0659
345.08,-0.078082,337.59,1.0223,0.31625,-3.9306
348.22,-0.093157,340.07,-0.58425,3.1209,0.42851
350.95,-0.094954,342.34,-1.1584,2.7264,1.2194
353.33,-0.11202,344.3,-2.9575,2.3617,-0.32274
354.77,-0.095582,345.78,-2.0925,1.4452,1.8226
356.76,-0.091132,347.58,-2.1409,1.9919,1.2489
358.7,-0.071664,349.42,-0.95467,1.953,2.5142
360.37,-0.090304,350.91,-2.781,1.6444,-0.82166
363.87,-0.11216,353.61,-4.935,3.4759,0.035041
366.74,-0.1237,355.93,-6.3088,2.8474,0.38733
368.74,-0.10075,357.81,-4.907,2.0185,2.698
370.73,-0.11208,359.55,-6.2081,1.9796,-0.11723
371.98,-0.13442,360.74,-8.4248,1.2148,-1.6076
370.98,-0.11406,360.58,-7.2148,-0.98309,0.43584
374.6,-0.12188,363.43,-8.2653,3.6042,1.1954
373.85,-0.086265,363.5,-5.7603,-0.71853,1.9583
376.68,-0.090979,365.83,-6.4529,2.8123,1.0636
379.63,-0.081452,368.3,-5.9951,2.9598,2.3416
379.81,-0.039552,369.02,-2.8393,0.21994,3.2996
382.91,-0.042789,371.54,-3.2566,3.0886,1.5913
385.05,-0.037596,373.46,-2.9851,2.1482,1.6631
386.51,-0.015968,374.97,-1.3463,1.4763,2.6277
387.93,0.022612,376.51,1.7478,1.456,4.1448
389.32,0.062335,378.05,5.056,1.4372,4.409
390.11,0.091715,379.14,7.645,0.81483,3.3097
392.68,0.10922,381.41,9.3342,2.5975,3.629
395.68,0.21237,384.22,18.087,3.1071,11.266
396.97,0.24646,385.69,21.507,1.3388,4.7556
397.35,0.24211,386.43,21.877,0.38965,1.0469
398.85,0.23154,387.92,21.7,1.5033,1.2412
400.13,0.24035,389.3,23.072,1.2985,2.6884
401.28,0.17571,390.4,18.429,1.1023,-3.5845
401.88,0.121,391.15,14.394,0.54983,-3.4178
403.55,0.05256,392.58,9.0436,1.6096,-4.125
404.26,0.044125,393.51,8.4186,0.70715,0.005544
405.19,-0.0097872,394.47,4.0232,0.87582,-3.7478
405.04,-0.033269,394.77,1.9733,-0.17461,-2.1368
406.49,-0.10412,396.04,-4.0604,1.3823,-5.1966
407.17,-0.098374,396.96,-3.9955,0.67914,0.44662
406.85,-0.11923,397.15,-6.089,-0.34735,-2.444
406.18,-0.13758,397.11,-8.0308,-0.69392,-2.5602
406.58,-0.19154,397.71,-12.968,0.33658,-4.9557
407.78,-0.19255,398.95,-13.702,1.1849,-0.19341
407.66,-0.24296,399.2,-18.493,-0.18063,-5.2555
406.44,-0.22393,398.86,-17.688,-1.2111,-0.34015
406.28,-0.23346,399.18,-19.178,-0.18472,-1.9695
406.08,-0.2058,399.54,-17.612,-0.18555,1.1095
406.1,-0.22875,399.95,-20.132,-0.011447,-2.8961
405.91,-0.21309,400.3,-19.518,-0.18558,0.1235
405.74,-0.21118,400.62,-19.981,-0.18501,-0.9576
405.89,-0.18807,401.21,-18.676,0.16141,1.0607
405.9,-0.19866,401.65,-20.074,-0.010461,-1.7732
405.74,-0.21647,401.96,-22.094,-0.18421,-2.5447
405.57,-0.2171,402.28,-22.735,-0.1855,-1.1857
405.73,-0.20855,402.86,-22.612,0.16138,-0.18913
405.58,-0.22909,403.16,-24.858,-0.18506,-2.819
404.69,-0.20955,403.04,-23.831,-0.88459,-0.016279
404.7,-0.21965,403.48,-25.197,-0.011656,-1.8322
404.12,-0.16949,403.62,-21.585,-0.539,2.8236
403.4,-0.15194,403.61,-20.51,-0.71614,0.20612
403.21,-0.13587,403.96,-19.501,-0.18591,0.51454
403.73,-0.1296,404.78,-19.254,0.52389,0.24006
404.03,-0.080597,405.51,-15.435,0.34553,3.7324
404.58,-0.10278,406.31,-17.37,0.5223,-1.8886
404.91,-0.077359,407.02,-15.418,0.34393,1.8798
405.56,-0.038334,407.98,-12.257,0.69135,3.3682
407.08,-0.0053336,409.5,-9.4813,1.5456,3.6118
406.93,-0.024512,409.84,-10.924,-0.17109,-1.745
406.92,-0.022287,410.31,-10.652,-0.0013634,0.071217
407.92,-7.6825e-05,411.47,-8.7218,1.0192,2.4328
409.38,0.05131,412.98,-4.303,1.5114,5.3061
410.7,0.057608,414.35,-3.4739,1.3274,1.6472
411.34,0.076702,415.27,-1.5612,0.65894,2.3044
411.95,0.11485,416.2,1.9898,0.65573,3.9864
412.75,0.12089,417.22,2.9802,0.8148,1.5807
413.39,0.13045,418.13,4.2753,0.64878,1.7938
414.52,0.11107,419.34,3.179,1.121,-0.27078
415.93,0.11331,420.77,3.8101,1.4202,1.6471
417.77,0.1289,422.49,5.5473,1.8611,3.0668
419.49,0.079172,424.07,1.8891,1.6777,-2.4478
420.97,0.097081,425.55,3.7005,1.4992,2.862
423.11,0.15287,427.52,8.711,2.2065,6.5838
425.79,0.19607,429.84,12.836,2.7288,6.1362
427.17,0.22237,431.27,15.689,1.4135,4.0511
427.86,0.22371,432.21,16.537,0.70633,1.6148
429.78,0.22283,433.98,17.183,1.9303,2.2488
431.93,0.22183,435.9,17.8,2.1601,2.386
433.91,0.20973,437.7,17.477,1.9848,1.3374
435.6,0.19471,439.3,16.863,1.6902,0.84105
437.35,0.22703,440.98,20.138,1.7875,4.7947
439.44,0.24766,442.88,22.525,2.1285,4.1935
441.18,0.21924,444.5,20.876,1.7232,-0.081595
441.71,0.17515,445.29,17.829,0.49529,-2.3375
442.91,0.17656,446.57,18.423,1.2074,1.7333
443.49,0.1833,447.45,19.462,0.60329,1.7848
443.86,0.16486,448.16,18.414,0.3646,-0.44751
443.75,0.16399,448.55,18.769,-0.10882,0.62174
445.03,0.1717,449.89,19.819,1.2995,2.2689
446.87,0.17507,451.61,20.52,1.8572,2.3125
448.13,0.1677,452.92,20.331,1.2605,1.0346
448.81,0.16721,453.85,20.69,0.68501,1.1927
450.36,0.17806,455.37,21.981,1.5684,2.7244
451.44,0.19249,456.58,23.602,1.1088,2.7698
451.58,0.16659,457.13,21.899,0.11994,-1.19
451.73,0.11782,457.67,18.196,0.11838,-3.222
452.21,0.074867,458.43,14.818,0.44181,-2.748
452.61,0.0029058,459.12,8.8791,0.32937,-5.4452
452.91,-0.085973,459.73,1.3015,0.21638,-7.2676
453.84,-0.15186,460.78,-4.6344,0.85544,-5.3353
454.7,-0.15372,461.81,-5.4177,0.84444,-0.30086
455.08,-0.11766,462.55,-3.0222,0.41518,2.5734
455.39,-0.10504,463.23,-2.4618,0.31008,0.71282
455.39,-0.1103,463.69,-3.3448,-0.0058429,-0.93125
454.1,-0.094106,463.3,-2.432,-1.2787,-0.0080862
453.55,-0.076934,463.4,-1.3849,-0.54028,0.63845
452.29,-0.10645,463,-4.1748,-1.3002,-3.6847
450.89,-0.13492,462.51,-6.9628,-1.429,-3.8201
450.57,-0.14118,462.75,-7.984,-0.33881,-1.3748
449.89,-0.12861,462.76,-7.4374,-0.67378,-0.052916
449.13,-0.15009,462.7,-9.6898,-0.78972,-2.9149
448.57,-0.16103,462.79,-11.121,-0.5711,-1.9897
448.67,-0.14869,463.32,-10.635,0.10385,0.35147
447.98,-0.13282,463.33,-9.7985,-0.68701,0.17862
447.32,-0.15326,463.33,-11.941,-0.69076,-2.7813
446.4,-0.15864,463.18,-12.878,-0.92702,-1.7758
445.45,-0.13511,463.02,-11.404,-0.93583,0.60685
445.19,-0.10889,463.32,-9.6274,-0.24062,1.4016
444.37,-0.10473,463.23,-9.6035,-0.82621,-0.70714
443.28,-0.083932,462.97,-8.1655,-1.0703,0.53975
442.65,-0.047605,463.03,-5.361,-0.60097,2.2437
442.26,-0.011582,463.24,-2.4661,-0.36215,2.5453
442.02,-0.013597,463.55,-2.6416,-0.24103,-0.38192
442.14,-0.015075,464.09,-2.7811,0.11951,-0.10714
441.76,0.00049483,464.31,-1.4938,-0.36207,0.98918
442.22,0.028643,465.1,0.88886,0.48138,2.6708
442.09,0.03569,465.48,1.5969,-0.11853,0.64234
442.2,0.046425,466.02,2.6318,0.12211,1.1426
442.43,0.055323,466.65,3.543,0.24239,1.1188
442.9,0.062822,467.44,4.3599,0.48098,1.2017
442.43,0.049875,467.59,3.492,-0.4744,-1.1035
442.32,0.040513,467.98,2.8771,-0.11706,-0.62739
441.96,0.048731,468.2,3.7042,-0.35811,0.6361
442.31,0.058825,468.91,4.706,0.36307,1.3093
442.08,0.041898,469.22,3.4777,-0.23682,-1.2965
442.09,0.030473,469.69,2.652,0.0023305,-0.75723
442.58,0.022816,470.48,2.1001,0.48131,-0.178
442.81,0.030236,471.1,2.7876,0.24022,0.88431
442.83,0.011551,471.58,1.3119,0.0016818,-1.4174
442.49,-0.0029315,471.81,0.13102,-0.358,-1.3922
442.74,-0.012478,472.44,-0.68685,0.23907,-0.65136
