Likelihood value is 
-547.312068305709
code 
4

Estimated parameters are:
0.510010476226713
-0.301542055349496
0.447037003888953
-0.736387510448476
0.922067353432382
0.167675546826297
2.77781551656869e-05
0.966357714422689
4.75996596196536e-09
9.9225131321283e-06
0.110884294287307
-0.999477235892094
99.7611218377237
888.565460032847
320.427708293649
1351.66796445161
0.05216279898743
0.0428112391245654
0.0545202457456613
0.0493139028228823
0.00184025187507691
0.0893390852335225
0.0883766528057717
8942.7587540504

Pre-transformed estimates are:
-24.9704996601763
-0.431725428365457
4.70256929796504
-2.79344697097345
0.0811370066485702
1.7857244357743
10.4912606315658
0.0404069783309568
19.1630253195763
14.952451562728
0.107153893192855
-9.9173259984026e-06

Starting values:
-19.7028837166727
1.17299372330308
13.7160946335644
-16.0684276558459
4.90329725667834
0.573079995810986
7.85165078938007
-2.01053654775023
19.1630253195763
14.9524515680969
-13.4882263932377
-7.55319729447365

Staring priors:
356.953269648137
482.583065700849
169
31
178
24
-65

