Starting values:
1.150811 
-0.284126 
1.103816 
-0.336100 
0.085932 
0.086925 
0.087869 
0.087894 
0.936528 
0.950888 
Starting priors:
399.244098 
409.144658 
147.328885 
135.165951 
0.600000 
0.400000 
-2.026405 
-2.756589 
-1.949590 
-8.350502 
0.004000 
0.003000 

 Likelihood value is -454.645000 
code 1.000000 

 Estimated parameters are:
1.972467
-0.982684
1.504790
-0.560771
0.706260
0.000427
1.867578
0.656751
0.688778
0.568005
0.023447
0.026342
0.101881
0.125239
0.059994
0.010357
0.161706
0.258263
13.123123
0.112515
Pre-transformed estimate are:
1.972467
-0.982684
1.504790
-0.560771
0.706260
-0.000427
1.537064
0.476127
-0.452356
1.060793
