Starting values:
0.877072 
-0.059602 
1.661072 
-0.729378 
0.088628 
0.088598 
0.060450 
0.060414 
0.738163 
0.756116 
Starting priors:
407.566725 
454.991695 
162.205513 
135.095238 
0.800000 
0.200000 
0.017384 
-0.164721 
-1.426620 
-3.510914 
0.003000 
0.004000 

 Likelihood value is -339.725810 
code 1.000000 

 Estimated parameters are:
1.849662
-0.891730
1.784701
-0.803434
0.479257
0.028130
0.454891
0.256618
-1.000000
0.397394
0.064468
0.063940
0.034472
0.034475
0.024356
0.015424
0.043961
0.032334
0.000130
0.072059
Pre-transformed estimate are:
1.849662
-0.891730
1.784701
-0.803434
0.479257
-0.028130
0.417430
0.000050
0.256618
0.180771
