Likelihood value is 
-336.823404858913
code 
4

Estimated parameters are:
0.680773132885383
0.0320478095951121
0.85121429474561
0.0570185061927338
0.530262751486236
1.13363662140578
1.09704136678043
1.55531760834111
0.806392947768919
-0.874426397435852
-0.992044068622658
-10.8316737149513
0.962315837937451
0.068654351812217
0.0435338321756856
0.0327823971827703
0.0326590711680667
0.107873298118277
0.268066574095529
0.241653552734953
0.264632576013918
0.0883123149543788
0.0528743410808497
0.0073186803920809
7.66901090375159
0.00759984275054311

Pre-transformed estimates are:
0.516039469673896
-1.29687164257271
0.740968738427255
-5.25923923254183
0.530262751486236
-0.125430714276354
0.432679444215704
7.31927953977359
0.884646421582514
-1.36001077313026
-0.754574794632383
-0.108316737149513
0.962315837937451
