Starting values:
0.378429 
0.496303 
-0.098917 
-0.832357 
-0.542046 
0.826675 
-0.695244 
0.651634 
0.076685 
0.992269 
-0.843649 
-0.114643 
-0.786694 
0.923796 

 Likelihood value is -505.264101 
code 5.000000 

 Estimated parameters are:
-0.028271
-0.975125
-0.046857
0.666610
0.053781
0.761426
0.667610
0.000015
0.000000
0.376325
3374.413075
0.999952
0.039288
0.578318
0.006902
0.008719
0.017974
0.107319
0.115323
0.165329
0.039605
0.000003
0.000000
0.084937
671.260349
0.005012
0.013881
0.130116
Pre-transformed estimate are:
-0.014338
38.632044
-0.046857
0.499936
-1.384383
0.761426
0.404052
13.038832
19.260855
5.603037
0.000015
0.376307
3.236845
0.547631
