Starting values:
-0.165466 
-0.900691 
0.805432 
0.889574 
-0.018272 
-0.021495 
-0.324561 
0.800108 
-0.261506 
-0.777594 
0.560504 
-0.220522 
-0.516617 
-0.192176 

 Likelihood value is -461.793940 
code 1.000000 

 Estimated parameters are:
1.936377
-0.982965
-0.222419
-0.269124
-0.995553
2.378342
0.853211
0.642908
0.036653
0.100389
-0.085925
1.000000
0.038368
0.179929
NaN
NaN
NaN
NaN
NaN
NaN
NaN
NaN
NaN
NaN
NaN
NaN
NaN
NaN
Pre-transformed estimate are:
30.434956
0.867469
-0.222419
-0.155484
193.623874
2.378342
0.158748
0.441766
3.306257
80.200818
-0.003149
0.100389
3.260526
1.715194
