Starting values:
0.295492 
-0.098153 
0.094018 
-0.407358 
0.489386 
-0.622090 
0.373551 
-0.632978 
-0.263031 
0.251237 
0.560455 
-0.837748 
0.858772 
0.551425 

 Likelihood value is -738.859070 
code 0.000000 

 Estimated parameters are:
-1.712435
-0.838596
3.194858
1.551817
-0.989458
0.129734
1.948924
0.954781
0.050768
0.058627
0.268286
0.992527
0.104787
1.541416
0.101311
0.077410
1.405544
0.084716
0.047545
0.026162
0.122517
0.138722
0.330621
0.163099
0.111036
0.088698
0.074199
0.396605
Pre-transformed estimate are:
-5.954949
-0.139671
3.194858
3.462462
20.257412
0.129734
-0.667278
0.046375
2.980482
4.940108
0.013620
0.058188
2.255828
-0.432701
