Starting values:
0.738584 
0.159409 
0.099720 
-0.710090 
0.706062 
0.244110 
-0.298095 
0.026499 
-0.196384 
-0.848067 
-0.520168 
-0.753362 
-0.632184 
-0.520095 

 Likelihood value is -432.417208 
code 5.000000 

 Estimated parameters are:
-0.479649
0.516701
2.364230
0.004566
-0.982438
-0.010987
0.456859
0.645808
0.000015
0.017520
-0.111184
0.996499
0.112241
0.061342
0.224548
0.223822
0.531387
0.009533
0.006374
0.004274
0.046669
0.042872
0.000005
0.006550
0.041800
0.085337
0.034468
0.023260
Pre-transformed estimate are:
-0.315485
-207.268476
2.364230
0.002288
55.810121
-0.010987
0.783380
0.437253
11.089400
6.526118
-0.000002
0.017459
2.187104
2.791282
