106.42,0.18385,122.7,-1.4135,-0.69571,-2.7024
105.58,1.0241,118.01,4.9618,0.12783,2.3109
104.83,2.973,118.42,5.7025,1.1712,-0.37469
104.74,2.9559,118.01,8.0566,-0.27228,0.65371
103.87,2.334,117.39,11.4,-1.5809,1.3318
103.68,2.1194,117.47,12.465,-0.35198,-0.39861
104.53,1.7741,117.79,11.475,0.5833,-2.0354
103.54,1.4558,117.77,12.014,-1.205,-0.47546
103.77,1.4339,117.8,13.321,0.37801,0.52325
105.71,0.89492,117.63,12.574,1.4712,-1.7107
107.04,0.26152,117.29,11.633,0.71039,-1.8788
107.11,0.18652,117.26,11.922,0.033894,-0.11073
107.58,0.31522,117.38,12.481,0.62467,0.38106
107.64,0.55792,117.56,13.052,0.25376,0.45533
107.33,0.57288,117.51,13.253,-0.36458,-0.11368
109.98,-0.27638,116.61,12.594,1.7954,-1.7434
111.33,-0.034069,116.78,12.843,1.5342,0.37939
112.81,0.19415,116.82,13.004,1.5256,0.12813
114.87,0.82817,117.26,13.438,2.47,0.80414
112.49,1.0113,117.1,13.4,-2.5616,-0.36137
112.71,1.4948,117.71,13.659,0.68801,0.8893
113.6,1.7017,117.84,13.774,1.0117,0.22353
114.59,1.8133,117.78,13.818,0.96855,-0.041172
111.35,1.4474,117.16,13.486,-3.7435,-0.93403
112.6,1.4039,117.41,13.33,1.4418,0.3601
113.22,1.08,116.91,13.019,0.33651,-0.57076
114.16,1.1395,117,12.751,1.0281,0.1458
115.59,0.51156,115.71,12.291,0.74065,-1.4324
117.16,0.33727,115.22,11.823,1.3698,-0.48828
118.25,0.34576,114.97,11.337,0.99976,-0.24895
119.81,0.3874,114.67,10.845,1.4737,-0.27558
120.62,-0.020878,113.41,10.229,0.22277,-1.3545
121.57,0.031094,113.28,9.5874,0.92838,-0.118
122.33,-0.23251,112.38,8.8806,0.38978,-0.94586
123.2,-0.0039575,112.66,8.1814,1.0396,0.32453
123.09,0.10587,112.63,7.4893,-0.13045,-0.040045
123.39,0.41439,113.17,6.8308,0.52998,0.58359
124.47,0.62963,113.29,6.2286,1.1936,0.15376
126.35,1.2527,114.22,5.7376,2.3401,1.0232
123.76,1.5352,114.54,5.2984,-2.6135,0.29408
125.88,1.6187,114.42,4.845,2.1965,-0.1004
126.85,1.8469,114.46,4.4416,1.0463,0.061844
129.45,2.351,115,4.1187,2.9328,0.59304
130.7,2.6996,114.79,3.8857,1.2623,-0.20666
132.23,3.1721,115.09,3.6947,1.7174,0.32792
131.82,3.2824,114.54,3.522,-0.60232,-0.58153
136.93,3.6679,114.37,3.318,5.4001,-0.14247
137.35,3.952,113.72,3.2196,0.25872,-0.68566
137.74,3.9638,112.78,3.0389,0.15631,-0.98942
138.22,4.0771,112.72,2.8096,0.50189,-0.068874
137.72,4.0844,112.6,2.5834,-0.57165,-0.12203
137.65,3.8456,111.78,2.2863,-0.27175,-0.86758
139.53,3.8699,111.75,1.9393,1.9997,-0.028105
139.87,3.931,111.65,1.6582,0.33725,-0.11367
140.14,3.9552,111.51,1.3792,0.26414,-0.14248
140.72,3.78,110.5,1.0499,0.38801,-1.0725
141.58,3.8175,110.54,0.69588,0.93341,0.042201
141.47,3.7329,110.06,0.36267,-0.22762,-0.51263
140.74,3.5633,109.71,-0.0038491,-0.85488,-0.3604
138.31,3.089,108.88,-0.43328,-2.7695,-0.86026
137.54,2.6641,108.77,-0.98975,-0.85263,-0.10869
136.89,2.3128,108.77,-1.5547,-0.69577,0.0044354
135.93,1.9652,108.66,-2.1178,-1.0419,-0.10432
135.04,1.661,108.76,-2.684,-0.94228,0.11361
135.88,1.4237,108.44,-3.2805,0.83851,-0.35175
135.75,1.2494,108.14,-3.8351,-0.18846,-0.31267
135.24,1.1579,108.43,-4.3511,-0.49405,0.3127
135.76,0.93579,107.49,-4.8988,0.39723,-0.99465
135.79,1.1065,108.95,-5.3441,0.28112,1.5396
135.17,1.23,109.76,-5.6242,-0.5313,0.86939
133.61,0.99373,108.96,-5.886,-1.8107,-0.82525
131.6,0.49844,107.88,-6.2613,-2.328,-1.1163
131.14,0.063711,107.48,-6.7607,-0.56402,-0.41775
129.73,-0.22528,108.03,-7.2043,-1.4269,0.59388
129.81,-0.50745,107.79,-7.6579,0.051737,-0.24519
128.59,-0.48652,109.54,-7.9522,-1.0374,1.863
128.44,-0.53907,109.88,-8.1567,-0.10512,0.36569
128.8,-0.69695,109,-8.3666,0.24818,-0.94517
130.32,-0.42086,110.42,-8.5003,1.8494,1.4843
131.59,-0.1898,110.17,-8.484,1.3236,-0.28025
133.1,-0.10269,108.68,-8.4906,1.4006,-1.6019
133.26,0.035046,108.45,-8.4731,0.13948,-0.25036
133.79,0.2083,108.69,-8.4187,0.59966,0.24625
132.72,0.075852,107.48,-8.3444,-1.318,-1.2543
132.52,0.076417,108.15,-8.3077,-0.1191,0.70857
131.64,0.058766,108.67,-8.1718,-0.87106,0.56479
129.76,-0.15736,108.51,-8.0044,-2.041,-0.14053
126.17,-0.67115,108.06,-7.8783,-3.9041,-0.41381
125.48,-1.1784,107.87,-7.9263,-0.76868,-0.19124
126.15,-1.3491,108.68,-7.9492,0.83096,0.84592
126.1,-1.4973,108.36,-7.8824,-0.099744,-0.33734
125.6,-1.6018,108.41,-7.7917,-0.52349,0.061399
125.95,-1.5469,109.18,-7.6571,0.47504,0.80865
125.78,-1.5757,108.81,-7.4589,-0.23387,-0.38925
125.38,-1.5796,109.02,-7.2449,-0.39612,0.22234
125.17,-1.5739,109.26,-7.0019,-0.18735,0.25871
125.77,-1.4691,109.73,-6.7213,0.7009,0.4925
125.79,-1.3889,109.7,-6.3717,0.016939,-0.033892
125.75,-1.446,108.84,-6.0561,-0.16064,-0.90363
124.97,-1.4736,109.08,-5.7432,-0.79481,0.25882
125.02,-1.3164,110.55,-5.3646,0.24248,1.5598
123.96,-1.3628,110.23,-4.9035,-1.1689,-0.32122
119.91,-1.7145,110.06,-4.4458,-4.3496,-0.11235
120.67,-1.7721,111.9,-4.1148,1.0533,1.9363
120.57,-1.7664,112.35,-3.6238,-0.053549,0.47725
120.49,-1.7933,112.2,-3.127,-0.098772,-0.16405
119.45,-1.6523,113.85,-2.5356,-0.89549,1.7607
119.65,-1.347,115.94,-1.8171,0.48166,2.2049
119.17,-1.0699,117.13,-0.9316,-0.3542,1.264
119.16,-0.86498,117.68,-0.011622,0.066592,0.58171
118.3,-0.70283,118.45,0.95949,-0.82031,0.82756
119.24,-0.64215,118,1.8408,0.94469,-0.48808
118.72,-0.52484,118.5,2.7465,-0.48811,0.53031
118.37,-0.46551,118.79,3.6271,-0.34567,0.31453
117.95,-0.24581,120.55,4.5612,-0.21965,1.8693
117.39,-0.18571,120.68,5.5226,-0.58062,0.14892
118.4,-0.099974,120.71,6.3852,1.0851,0.0063289
119.08,0.12114,121.36,7.2669,0.80809,0.67475
118.28,0.31739,122.14,8.2113,-0.74802,0.84444
119.07,0.43459,122.08,9.065,0.8273,-0.076159
119.86,0.64183,122.49,9.8954,0.89801,0.41787
119.79,0.81221,122.72,10.729,-0.046506,0.2358
119.18,1.2198,125.47,11.658,-0.29437,2.9185
120.1,1.5035,125.97,12.616,1.0402,0.50488
124.72,2.0788,126.58,13.504,5.0077,0.55934
125.72,3.0817,129.92,14.742,1.49,3.5047
126.19,4.1083,133.24,16.261,0.92925,3.4969
127.7,4.5001,131.15,17.697,1.3398,-2.236
125.23,4.8705,132.75,19.12,-2.4267,1.744
