302.04,0,413.95,0,0,0
300.83,1.2096,415.51,-0.0019187,0,1.5649
299.91,1.1506,414.76,-0.0023115,-0.74807,-2.2838
304.67,-0.21988,415.96,0.0020132,4.176,0.97944
309.34,-0.23726,415.81,0.0040022,2.6417,-0.89851
309.9,0.10896,415.9,-0.00037439,-0.69635,-0.22216
309.56,0.45283,416.66,-0.0040158,-1.0566,0.5278
312.17,1.377,418.51,-0.0018273,0.8123,1.3948
311.12,3.7276,420.14,-0.004212,-1.6739,0.5318
313.57,1.2724,420.98,-0.0028165,0.87102,-0.50524
315.49,0.20685,424.95,-0.0021372,0.41675,2.8636
314.02,2.106,428.22,-0.0042453,-1.9345,0.85677
318.1,0.9443,429.33,0.00036709,2.13,-1.6924
316.81,1.4142,431.39,-0.0028056,-1.9756,0.022178
318.21,-0.40429,435.35,-0.0017335,0.20072,1.9178
319.85,0.016438,438.58,0.00013529,0.37254,0.30971
320.67,0.81734,441.64,0.00043247,-0.30095,0.0081918
321.36,-0.27602,445.61,-0.00016182,-0.38933,0.90572
323.26,-1.3698,449.56,0.00081378,0.63978,0.47575
323.7,-0.22318,452.44,0.00063429,-0.63877,-0.80838
326.8,-0.22599,456.13,0.0026758,1.7104,0.37105
325.46,-0.035207,457.89,-0.0010147,-2.3173,-1.7285
326.37,-1.3328,461.1,-0.00045035,-0.15717,0.49843
326.03,-0.22503,465.22,9.5672e-05,-1.2862,1.1974
328.75,-0.28569,466.16,0.0031776,1.6182,-2.5364
330.63,-1.0484,468.46,0.0027719,0.73177,-0.021534
332.95,-1.8956,470.32,0.0020872,1.0982,-0.45216
334.46,-0.53235,472.71,0.0010928,0.25893,0.28718
338.24,0.87563,474.67,0.0018491,2.4156,-0.28089
337.72,1.7324,477.41,-0.0028418,-1.9124,0.63361
339.96,0.48845,479.56,-0.0031158,0.91725,-0.24903
341.71,2.0103,482.88,-0.0028887,0.36243,1.0408
345.24,3.1923,490.4,-0.0017332,2.0855,4.7568
347.39,2.8675,495.66,-0.0040164,0.57044,0.34495
348.78,2.0751,498.77,-0.0062745,-0.2186,-1.9751
350.29,3.2275,503.17,-0.0061487,-0.089601,0.22174
352.12,4.5519,503.09,-0.0052746,0.23974,-4.3685
352.53,3.5758,498.13,-0.0064841,-1.1881,-7.2567
353.74,1.5063,494.51,-0.0058293,-0.29762,-2.6066
352.55,1.8326,491.76,-0.0053744,-2.6555,-0.55702
354.09,1.4457,484.65,-0.0012388,0.2573,-4.6649
354.25,0.13136,479.62,-0.00010635,-1.1218,-0.45607
357.32,-2.3535,477.21,0.0028661,1.8363,2.3705
358.9,-1.9425,476.51,0.0034035,0.22292,3.004
362.07,-1.2463,474.46,0.0045257,1.779,0.28454
362.18,-0.81751,472.53,0.0014161,-1.3898,0.27341
363.25,-1.622,470.29,0.00052987,-0.32711,-0.16182
363.63,-0.66316,469.91,0.00047225,-0.98957,1.7709
365.6,-0.012567,468.53,0.0020709,0.66092,-0.02859
365.28,-0.47261,467.37,0.00040161,-1.6475,0.19109
366.63,-2.081,465.78,0.0011801,0.12822,-0.31755
367.97,-1.3612,466.57,0.0024863,0.1178,2.2109
368.68,-0.54237,466.75,0.0026365,-0.52593,0.59021
369.5,-1.6208,467.44,0.0021918,-0.36326,0.83668
370.28,-2.3968,467,0.0021225,-0.3834,-0.67679
373.02,-1.6614,467.88,0.0041951,1.5804,0.9472
374.47,-0.46647,469.56,0.003347,0.18706,1.3262
375.23,-1.225,471.76,0.001135,-0.51141,1.2331
376.73,-1.5398,472.19,0.00075399,0.25511,-1.0967
377.14,0.13326,473.96,0.00040158,-0.82633,0.74632
380.44,0.45175,475.52,0.0021337,2.0708,0.19537
381.36,0.19188,476.73,-0.00032287,-0.42854,-0.24685
382.25,-0.48231,476.82,-0.0017028,-0.42243,-1.2482
382.2,0.66905,478.93,-0.0019882,-1.3263,1.3265
383.13,1.2472,480.33,-0.00062732,-0.2453,0.024955
383.73,0.21232,481.98,-0.00048027,-0.54693,0.26185
384.54,-1.2461,482.69,9.6029e-07,-0.30094,-0.80125
385.86,-1.0631,484.71,0.0015717,0.22465,0.87764
387.28,-0.37337,485.55,0.0025525,0.30453,-0.69924
388.12,-0.99609,487.53,0.0017885,-0.29947,0.75691
388.58,-1.8746,488.07,0.0010457,-0.64008,-1.0283
389.71,-1.3464,489.16,0.0020423,0.07132,-0.014568
391.02,-0.41771,489.5,0.0027547,0.24067,-0.75743
393.38,-0.98978,491.06,0.0028966,1.2625,0.81054
394.11,-1.3174,490.84,0.00084261,-0.45771,-1.3384
395.1,-0.75282,492.09,0.00042028,-0.14958,0.73828
395.79,0.48349,491.82,0.00031424,-0.44759,-1.1159
396.16,0.29668,492.27,-0.00026812,-0.71351,0.11495
396.67,-0.77762,492.12,-0.00038415,-0.53176,-0.54281
397.66,-0.81781,492.84,0.00073603,-0.010227,0.58295
398.19,-0.2246,492.38,0.0013464,-0.45771,-0.8729
398.25,-0.84723,492.89,0.0011156,-0.88822,0.50435
398.2,-1.9268,492.58,0.0012671,-0.93041,-0.55183
398.81,-1.9746,492.94,0.002851,-0.19515,0.37245
398.98,-1.576,493.05,0.003656,-0.6222,-0.043072
400.42,-2.4532,493.52,0.0046641,0.6807,0.33015
400.27,-2.8684,493.98,0.003578,-0.93623,0.17131
402.25,-2.7964,495.18,0.0049899,1.2281,0.83568
401.68,-1.493,496.74,0.003411,-1.3754,0.81147
404.83,-2.1149,498.79,0.0048983,2.3965,0.93104
405,-1.3991,500.56,0.0022698,-0.72738,0.23321
408.59,-1.1792,503.72,0.0031305,2.7005,1.5141
409.89,0.70936,504.5,0.00062119,0.21794,-1.5572
409.06,1.2026,506,-0.0031716,-1.8822,-0.12226
410.14,0.78394,506.33,-0.0030144,0.14022,-1.2416
411.02,1.8583,507.19,-0.002299,-0.06862,-0.15019
412.36,1.9514,508.06,-0.0017472,0.39857,-0.06995
415.18,0.86359,510.24,-0.0010802,1.8174,1.2776
415.12,1.0782,510.26,-0.0033152,-1.1617,-1.4682
417.62,1.3484,512.37,-0.0018508,1.446,1.2982
419.05,2.4593,515.52,-0.0022313,0.28385,1.7313
422.23,1.907,518.79,-0.002045,1.9788,1.0718
421.52,2.031,520.88,-0.0055764,-1.9981,-0.59617
422.36,1.9141,523.95,-0.0049594,-0.32267,0.65885
421.33,2.8028,523.63,-0.0048296,-2.1388,-3.0405
421.48,1.4961,524.34,-0.0029868,-0.80429,-0.6171
423.17,-0.33591,523.18,-0.00022993,0.77409,-2.2151
422.96,-0.71073,523.04,0.00026138,-1.1553,-0.17635
424.12,-1.2929,520.73,0.0022372,0.29311,-2.2685
423.59,-1.4902,519.92,0.0020932,-1.4057,0.25706
424.29,-2.4814,517.28,0.0033775,-0.080706,-1.6866
424.09,-2.5796,516.5,0.0037664,-0.95455,0.94211
425.64,-2.809,514.8,0.005568,0.84211,-0.40078
425.63,-2.6504,513.54,0.0047745,-0.76452,0.21369
425.86,-3.1765,511.76,0.0043769,-0.4596,-0.40157
427.1,-2.9657,510.44,0.0051565,0.56578,0.24751
426.88,-2.0294,510.08,0.0041797,-0.91514,1.085
427.51,-2.3784,509.3,0.0039749,-0.0013704,0.17956
427.43,-2.4335,508.48,0.0032028,-0.71195,0.054708
427.83,-2.1226,508.35,0.0035075,-0.17516,0.71293
427.66,-1.677,507.45,0.00325,-0.71515,-0.37782
428.21,-2.0815,507.63,0.0034981,0.039609,0.88463
427.91,-2.2045,507.01,0.0029193,-0.79739,-0.32514
428.42,-2.1569,506.86,0.0035669,0.07237,0.29154
428.58,-1.7475,506.42,0.0035685,-0.29288,-0.13124
428.21,-1.9441,506.18,0.0029168,-0.77921,0.12984
428.19,-2.3465,505.01,0.0030216,-0.37796,-0.86136
428.18,-2.048,504.72,0.003453,-0.34281,0.41397
427.83,-1.8412,504.15,0.0034595,-0.64227,-0.058956
427.47,-2.3313,504.07,0.0033777,-0.60375,0.47073
427.66,-2.6637,501.64,0.0039708,-0.013039,-2.1016
427.41,-2.2728,501.4,0.0040781,-0.44356,1.0387
427.83,-2.2675,500.76,0.0044682,0.25128,0.17197
426.88,-2.3189,500.79,0.0032536,-1.1157,0.7609
428.04,-2.6205,499.79,0.0044105,1.0455,-0.60697
427.21,-1.644,499.85,0.003244,-0.99977,0.7249
427.97,-1.8391,498.01,0.0036039,0.65119,-1.5114
427.35,-1.6474,498.18,0.002325,-0.75645,1.1942
427.73,-1.6044,497.01,0.0025363,0.28556,-0.68791
427.81,-0.97895,496.47,0.0023226,-0.036298,0.24871
428.81,-0.87047,495.49,0.0024612,0.88089,-0.30323
428.63,-0.6891,495.14,0.00095268,-0.35859,0.46421
427.4,-0.56949,493.91,-0.00052752,-1.3664,-0.62589
427.22,-0.39193,493.13,0.00033698,-0.21693,0.11273
426.35,-0.085269,492.18,0.00059116,-0.87998,-0.11186
425.52,-0.96111,491.38,0.00086631,-0.77052,0.091994
425.66,-1.8131,490.27,0.0022018,0.23832,-0.2604
425.94,-1.5244,489.34,0.0032922,0.37062,0.033528
425.62,-1.3392,488.36,0.0029981,-0.26523,-0.027525
426.03,-1.8979,487.71,0.0029826,0.4884,0.31145
425.3,-1.6018,485.88,0.0019948,-0.67694,-1.0072
424.42,-1.1526,484.63,0.001698,-0.77543,0.031334
423.77,-1.0878,483.11,0.0019558,-0.48034,-0.25379
424,-1.4657,481.87,0.002734,0.42356,0.14591
423.16,-1.5054,479.77,0.0021268,-0.66726,-0.78969
423.47,-1.6642,478.22,0.0028174,0.51627,0.12915
422.52,-1.1614,476.78,0.0021003,-0.75781,0.17402
421.98,-1.3591,475.38,0.0020327,-0.30236,0.14258
421.19,-1.465,473.61,0.0019384,-0.52209,-0.30111
420.71,-1.4456,472.05,0.002396,-0.16438,0.053569
420.05,-1.3848,470.37,0.0025135,-0.34366,-0.094759
414.12,-1.5646,469.84,-0.0010258,-5.4995,1.0928
415.03,-3.6107,468.56,0.004725,1.6753,-0.14542
413.29,-2.5265,467.57,0.0062649,-1.0672,0.20474
415.01,-3.9181,466.76,0.0088378,2.4254,0.3008
414.63,-4.5331,466.05,0.0069385,0.16988,0.26361
413.16,-3.8896,465.07,0.0049414,-0.9282,-0.13882
411.23,-2.2984,464.24,0.0041366,-1.2981,0.086914
409.98,-1.8898,464.28,0.0042444,-0.5286,0.91104
410.1,-2.6895,464.6,0.004808,0.86423,0.77584
409.88,-2.635,463.98,0.0043158,0.45397,-0.51035
408.66,-1.7585,463.63,0.0030525,-0.56029,-0.010206
408.89,-1.3068,462.99,0.0032665,0.90996,-0.29929
407.84,-0.76709,462.87,0.0016695,-0.42338,0.3524
408.29,-0.87891,461.37,0.0016154,1.0905,-1.1773
408.09,0.0017756,459.77,0.00065285,0.35805,-0.74469
408.8,0.6373,459.4,0.00026382,1.2251,0.81976
410.57,1.1724,458.72,-0.00020862,2.1756,0.14062
410.94,2.0946,457.2,-0.0028592,0.62381,-0.77179
410.88,2.7989,458.96,-0.005139,0.145,2.8697
410.13,3.7059,458.61,-0.006666,-0.54034,-0.55631
408.3,4.0928,459.98,-0.0077036,-1.566,1.4288
408.65,3.2548,460.05,-0.0056959,0.71009,-0.52889
408.34,2.9104,461.2,-0.004806,0.0038343,0.79067
409.26,2.1542,460.86,-0.00326,1.2128,-1.0561
409.6,1.9749,461.34,-0.0031035,0.54741,0.2406
408.34,1.9195,460.62,-0.0042219,-1.0729,-1.0629
408.44,1.4934,461.29,-0.0030688,0.34556,0.80374
407.9,1.7057,460.17,-0.0025509,-0.31179,-1.3468
406.57,1.1837,460.52,-0.0026697,-1.0557,0.7347
407.13,0.11158,459.38,-0.00073572,0.88753,-1.0871
406.57,0.32864,460.24,-0.00034411,-0.28706,1.4006
407.54,0.044176,459.96,0.00095277,1.237,-0.36379
408.24,0.019859,460.71,0.00071483,0.87734,0.81512
407.74,0.17967,461.35,-0.00085976,-0.37338,0.34966
406.96,0.45644,461.83,-0.0016442,-0.62718,0.01788
406.22,0.85328,461.29,-0.0014695,-0.52964,-1.0101
406.04,0.68958,462.23,-0.0007313,0.063582,0.9421
405.73,0.14485,459.3,-0.00052724,-0.076354,-3.367
406.13,-0.25446,459.58,0.00024049,0.63334,1.381
405.74,0.12871,459.37,3.9945e-05,-0.1879,0.25743
405.24,0.10757,462.27,-0.00020202,-0.28631,3.2536
404.47,-0.16646,461.25,-0.00042395,-0.534,-2.1456
404.27,-0.32095,462.27,0.00030235,0.076019,0.86504
403.94,-0.16535,461.1,0.0007159,-0.062799,-1.712
404.03,-0.42933,463.84,0.0010708,0.3551,2.9697
404.22,-0.61844,464.51,0.0010561,0.42681,-0.45225
404.49,-0.36167,464.52,0.00090871,0.47419,-0.8924
404.54,0.11783,463.27,0.00034951,0.21422,-1.7622
404.34,0.31727,467.38,-0.00046493,-0.044994,4.4041
404.28,0.3795,466.13,-0.00086784,0.093727,-2.9577
403.97,0.6856,466.35,-0.0011844,-0.15392,-0.14504
404.56,0.78734,464.47,-0.00065826,0.74594,-2.1724
405.12,0.92019,467.6,-0.00084227,0.6509,3.8249
405.09,0.95697,467.4,-0.0018182,0.011935,-1.2532
404.97,1.0785,466.99,-0.0023218,-0.072496,-0.88978
405.64,1.4357,466.09,-0.0017737,0.7148,-0.96821
405.66,1.7543,469.59,-0.0022897,0.017658,3.8709
405.92,1.328,468.64,-0.0026205,0.24665,-2.3488
