254.16,0,414.71,0,0,0
253.45,-0.080573,417.92,-0.0063848,-0.79052,3.205
253.3,0.067065,421.3,0.0065583,-0.45023,0.25847
257.09,0.16783,423.9,-0.010997,3.8974,-0.75168
250.34,-1.0218,424.97,-0.20993,-8.8031,-1.7572
247.63,0.026386,427.38,-0.74998,-2.2729,0.12572
250.75,-1.4334,431.6,-0.93307,4.4462,1.7199
252.91,-0.33255,434.88,-1.0449,2.411,-0.31279
249.18,-1.5245,439.33,-0.55468,-4.1408,1.4068
249.25,0.89856,443.14,-0.085408,0.59564,-0.567
254.29,-0.13275,449.7,0.72111,5.7939,2.811
253.96,1.7617,458.21,1.0955,-1.0455,3.0255
249.75,0.39073,466.75,1.2896,-4.7461,0.88196
254.47,2.026,474.07,0.99423,5.3025,-1.2679
252.93,-0.36166,477.37,0.64722,-1.8457,-3.8851
256.37,0.89151,477.43,-0.2755,3.4401,-4.685
254.71,-2.1398,477.5,-1.0612,-2.4616,-1.1675
256.19,-0.46861,477.66,-1.6251,1.1922,-0.3836
265.45,-2.2621,474.6,-1.4156,9.0676,-3.1251
266.79,-0.06271,469.06,-0.88271,-0.42861,-2.7049
272.38,-0.91452,464.98,-0.15257,3.82,0.51315
275.34,1.2954,460.76,0.65,0.58795,0.40282
277.85,0.64913,456.05,1.3446,0.058423,-0.32581
280.67,2.0631,452.39,1.4903,0.3094,0.92091
283.23,0.68011,449.21,1.2548,0.0062706,0.7704
292.27,1.1174,446.78,0.51887,6.4927,0.91759
299.14,-0.57523,446.09,-0.078616,3.3922,2.6581
300.72,-0.14951,445.4,-0.6398,-2.4982,1.0391
303.87,-1.3373,444.77,-0.93743,-0.4927,0.17423
303.13,-0.59896,444.14,-0.97487,-4.3099,0.038289
307.44,-1.1036,445.88,-0.77916,1.3532,1.9465
313.15,-0.035574,449.61,-0.32155,2.572,2.6999
315.22,0.051114,453.49,0.38114,-1.4424,1.1861
316.69,1.1194,456.74,0.89968,-1.8282,-0.41841
319.77,0.91524,459.63,1.1733,0.11048,-0.58989
319.45,1.2341,462.35,1.0571,-3.3198,-0.33176
320.66,0.42224,465.63,0.58362,-1.2884,0.17967
321.42,0.066823,468.82,-0.11186,-1.5581,-0.15138
324.69,-0.82166,471.12,-0.74339,1.2373,-1.0539
326.05,-1.0106,472.4,-1.1453,-0.88647,-1.2204
325.14,-1.2676,473.34,-1.1855,-3.0406,-0.75293
330.01,-0.80112,473.96,-0.91678,3.2366,-0.79296
330.41,-0.45253,474.25,-0.31842,-1.7728,-0.29321
331.04,0.37388,474.46,0.30883,-1.2676,-0.33195
330.46,0.59568,478.83,0.73988,-2.3973,3.8742
330.6,1.1806,476.81,1.0983,-1.0737,-5.2931
330.9,0.88495,475.87,0.99797,-0.87363,-0.61723
334.01,0.62967,476.59,0.51351,2.0383,1.371
337.15,-0.074999,475.68,-0.014393,1.8155,-1.0066
339.85,-0.40227,474.05,-0.51809,1.0996,-0.85822
340.08,-0.96994,474.85,-0.90318,-1.6378,2.2069
341.08,-0.96378,478.79,-1.0577,-0.64751,3.5983
339.93,-0.81905,480.04,-0.73704,-2.5675,-1.5852
342.98,-0.23333,483.03,-0.30403,1.9847,1.0044
345.43,0.19902,484.63,0.30158,1.1182,-0.89675
346.94,0.8753,483.28,0.83417,0.034603,-3.0787
350.54,0.91293,485.71,1.0006,2.0175,2.8111
356.06,0.89453,491.49,0.83616,3.5991,4.2764
360.99,0.64271,490.66,0.6776,2.6745,-4.9048
362.72,0.24518,491.19,0.2029,-1.0721,0.071955
364.4,-0.37715,494.09,-0.37403,-1.0045,2.2745
367.13,-0.77321,498.65,-0.82757,0.21619,2.2187
368.28,-0.9082,499.51,-0.90638,-1.2893,-2.9591
370.18,-0.79807,502.61,-0.81881,-0.4428,1.2123
371.5,-0.38885,500.93,-0.37464,-0.84521,-4.3666
373.04,0.01084,501.88,0.033703,-0.61653,1.2013
373.99,0.48727,498.36,0.50201,-1.0172,-4.095
374.24,0.70951,493.95,0.74472,-1.6118,-2.179
374.72,0.69929,489.8,0.69512,-1.1692,-0.52996
376.65,0.3979,486.18,0.40169,0.44858,0.28258
378.42,0.0011284,484.05,-0.024361,0.19927,1.5786
379.53,-0.436,484.27,-0.43902,-0.50639,2.8021
379.48,-0.60799,482.26,-0.64088,-1.5279,-1.4045
380.43,-0.65705,479.41,-0.65771,-0.28048,-1.3633
382.7,-0.49181,477.18,-0.51051,1.0572,0.18274
380.03,-0.25999,475.36,-0.20445,-4.0876,0.53113
380.93,0.17778,472.21,0.14241,0.16897,-1.4819
382.31,0.33527,470.4,0.40242,0.5814,0.89492
384,0.59039,468.44,0.55283,0.81896,0.1646
383.52,0.42482,468.72,0.49927,-1.5363,2.3132
382.89,0.41142,467.12,0.34821,-1.3761,-1.2779
383.51,0.0072222,465.97,0.052344,0.06874,-0.057442
383.07,-0.20951,465.34,-0.275,-1.0166,0.4942
383.19,-0.5451,465.17,-0.51446,-0.30448,0.52721
382.51,-0.51485,463.67,-0.5694,-1.0331,-1.1858
384.65,-0.49293,462.27,-0.46929,1.9618,-0.33676
386.9,-0.19287,461.1,-0.21858,1.7445,0.29826
386.66,0.045019,460.96,0.10377,-1.0396,1.2318
387.53,0.41552,461.07,0.39392,0.26118,0.53094
389.45,0.54571,460.43,0.59172,1.2923,-0.54498
389.98,0.61997,459.48,0.60357,-0.30678,-0.37222
390.6,0.40671,458.15,0.42813,-0.17371,-0.5104
386.69,0.2254,450.32,0.20303,-4.5956,-6.569
385.48,-0.24891,443.18,-0.26606,-1.2887,-1.663
383.63,-0.76919,441.44,-0.78365,-1.8595,4.7073
384.03,-0.94584,440.06,-0.98547,0.75498,1.6044
383.99,-0.91067,441.51,-0.89023,0.17489,3.3275
383.71,-0.41601,441.39,-0.4307,-0.0086049,-0.5357
382.79,0.074597,441.93,0.13517,-0.68114,0.47932
380.23,0.65847,440.84,0.66642,-2.19,-1.5145
389.62,0.98179,440.38,0.9677,10.178,0.028488
388.24,0.94237,440.81,1.0262,-2.2809,1.6787
389.53,0.8717,439.68,0.79973,0.82096,-1.2093
389.55,0.24546,439.4,0.30645,-0.6219,0.54169
390.95,-0.14406,437.98,-0.2577,0.8961,-1.0005
394.38,-0.80685,439.26,-0.76675,2.7476,2.4248
398.31,-0.90207,442.75,-1.002,2.8157,3.1378
400.89,-0.88366,445.52,-0.81642,1.0873,0.4423
405.5,-0.32208,449.75,-0.38949,2.9507,1.6703
410.42,0.17796,451.65,0.26745,2.8748,-1.5421
413.79,0.83575,454.11,0.81347,0.84482,0.32049
414.86,1.0278,456.03,1.1224,-1.6045,-0.37469
413.35,1.1239,454.95,1.09,-3.9056,-3.1992
413.32,0.51466,457.78,0.56162,-1.9347,2.5739
413.22,-0.023118,459.9,-0.10002,-1.6557,-0.089919
414.7,-0.70889,460.8,-0.70938,0.22296,-1.3708
413.25,-1.0186,458.81,-1.0797,-2.7498,-3.2316
412.16,-1.2342,458.49,-1.2226,-2.0395,0.44821
411.2,-0.93543,456.29,-0.96966,-1.5474,-1.8738
410.46,-0.52958,454.92,-0.48223,-1.1335,0.11605
409.13,0.14202,452.56,0.14623,-1.5442,-1.023
411.46,0.60207,453.16,0.64905,2.3308,2.4779
412.38,0.98046,454.13,1.0017,0.56486,1.3027
414.04,1.0663,454.3,1.0859,1.2716,-0.3551
414.43,0.82959,454.53,0.83442,-0.21083,0.055696
416.8,0.32728,456.74,0.29946,1.7799,1.9469
418.43,-0.22078,457.66,-0.24216,0.80702,-0.5331
422.08,-0.72359,462.92,-0.76677,2.6465,4.1773
422.41,-0.9021,465.58,-0.90432,-1.0062,-1.0972
423.09,-0.70053,464.8,-0.73333,-0.44401,-3.8007
423.28,-0.45472,464.39,-0.41909,-0.93924,-0.80394
423.7,-5.966e-05,463.98,-0.0089538,-0.58235,-0.31674
423.79,0.34071,463.21,0.39307,-0.81852,-0.49772
424.77,0.6473,462.99,0.63825,0.18533,0.33102
425.2,0.64685,462.81,0.69133,-0.39806,0.14864
425.72,0.54737,462.91,0.51922,-0.24159,0.29035
425.35,0.20696,461.09,0.22534,-1.0595,-1.834
427.39,-0.14056,460.55,-0.19797,1.4722,0.64303
428.64,-0.55775,461.23,-0.54244,0.44079,1.4995
429.83,-0.64306,462.4,-0.69389,0.32249,0.97542
429.1,-0.60846,461.59,-0.57392,-1.5967,-1.643
428.26,-0.31449,461.21,-0.33916,-1.513,-0.20032
428.54,-0.042483,460.03,-0.0031196,-0.13073,-0.9609
429.03,0.294,459.89,0.28897,0.061606,0.72076
428.72,0.46218,459.53,0.50492,-0.73073,0.0062344
430.4,0.54163,461.1,0.52361,1.3514,1.8382
431.33,0.42217,461.56,0.44897,0.42749,-0.42984
433.47,0.25544,462.86,0.21942,1.5736,0.7443
433.25,-0.043225,462.73,-0.022236,-1.0231,-1.0773
433.46,-0.25085,463.08,-0.29578,-0.45554,0.077723
434.07,-0.46988,462.71,-0.45978,0.038421,-0.71827
435.22,-0.45332,462.16,-0.49006,0.57132,-0.39238
434.26,-0.39748,461.06,-0.36278,-1.6522,-0.6167
435.04,-0.14207,460.93,-0.17042,0.33858,0.63652
434.98,0.050722,460.19,0.099339,-0.54645,-0.38166
435.86,0.32403,460.41,0.30298,0.4666,0.79384
435.28,0.39,459.93,0.44136,-1.0507,-0.43175
435.36,0.43635,460.14,0.40629,-0.24421,0.4779
436.83,0.23635,460.42,0.26002,1.2035,0.18676
438.26,0.065455,461.79,0.030603,0.95468,1.2319
438.49,-0.16706,462.02,-0.1522,-0.35585,-0.67676
439.85,-0.27876,463.22,-0.31739,0.79954,0.71955
441.16,-0.36819,464.22,-0.35273,0.65405,0.095295
442.26,-0.25397,465.42,-0.27607,0.33059,0.2728
442.35,-0.10871,465.13,-0.081654,-0.69762,-1.3605
443.32,0.11384,464.92,0.10029,0.26953,-0.38332
444.87,0.21856,464.93,0.24512,0.79438,0.12466
446.6,0.33434,464.86,0.32247,0.8689,0.029004
446.87,0.29551,463.94,0.32122,-0.72776,-0.7706
447.87,0.19961,464.18,0.17768,0.093997,0.87045
448.65,-0.0094626,464.33,0.0023073,-0.1385,0.16579
449.47,-0.15692,465.14,-0.18279,-0.079607,0.68942
449.93,-0.28321,464.88,-0.27741,-0.39822,-0.85272
450.61,-0.29624,465.14,-0.31483,-0.14057,0.22236
451.56,-0.25529,465.22,-0.24609,0.16174,-0.11504
452.19,-0.12448,466.49,-0.12467,-0.20781,1.1391
452.23,0.053718,466.69,0.06905,-0.73653,-0.72471
452.92,0.23653,465.78,0.23634,0.035244,-1.3706
