Starting values:
1.116320 
-0.271528 
0.003511 
0.428350 
-0.564662 
1.035642 
0.729098 
0.501046 
1.467263 
1.812620 
0.936528 
Starting priors:
399.244098 
409.144658 
154.972361 
191.719366 
0.600000 
0.400000 
-2.026405 
-2.756589 
-1.949590 
-8.350502 
0.004000 
0.003000 

 Likelihood value is -464.079327 
code 5.000000 

 Estimated parameters are:
1.881972
-0.815983
-0.023989
1.574832
-0.709427
0.378335
0.701704
0.112725
1.642858
0.632349
1.000000
0.000523
0.002237
0.000359
0.005646
0.007670
0.017075
0.035295
0.005212
0.102293
0.019267
0.000007
Pre-transformed estimate are:
1.881972
-0.815983
-0.023989
1.574832
-0.709427
0.378335
0.701704
0.112725
1.642858
0.000102
0.632349
