Starting values:
0.856147 
-0.057912 
-0.040012 
0.309243 
-0.413376 
1.630270 
0.714918 
0.582169 
1.150140 
0.746803 
0.856395 
Starting priors:
409.267651 
454.923455 
112.801440 
199.908039 
0.500000 
0.500000 
0.053231 
0.176818 
4.523372 
5.081832 

 Likelihood value is -384.797352 
code 5.000000 

 Estimated parameters are:
1.890301
-0.773200
-0.012690
1.465514
-0.736886
2.576890
0.975834
0.000413
1.271977
0.296047
-0.881233
0.036315
0.021652
0.001245
0.064628
0.047826
1.642028
0.066723
0.008729
0.127988
0.161614
0.311837
Pre-transformed estimate are:
1.890301
-0.773200
-0.012690
1.465514
-0.736886
2.576890
0.975834
0.000413
1.271977
0.139936
-0.260887
