399.27,-1.6725,406.79,1.5218,-0.13292,-2.9218
399.43,-0.34635,402.93,6.6894,1.2776,-0.5518
399.21,1.1626,401.14,11.239,1.0636,1.9839
400.08,1.3766,397.66,11.181,0.87924,-3.5539
400.61,1.3835,395.43,10.102,0.61213,-2.0081
401.87,1.7309,392.04,9.5786,1.8472,-1.9748
402.17,2.1333,392.78,9.1479,0.98999,2.2933
403.14,2.0411,390.43,8.0614,1.0509,-2.126
403.23,1.7699,390.15,6.5831,0.057771,-0.37244
404.92,1.4643,386.79,5.1764,1.6253,-3.5205
405.18,1.8948,387.23,5.7423,0.96485,2.2854
405.28,1.4466,386.66,4.4035,-0.21927,-1.4467
405.15,0.89345,386.37,2.7164,-0.51948,-1.3517
406.19,0.20266,384.13,0.60243,0.55174,-3.6077
407.05,0.53693,383.87,1.3844,1.4626,1.4936
407.69,-0.275,381.62,-0.91776,-0.053634,-4.3132
406.73,-0.51722,382.9,-1.7317,-0.97033,1.2229
406.83,-0.78874,382.5,-2.5112,0.0012138,-0.70495
406.52,-0.64504,383.88,-1.953,-0.017948,2.3323
406.82,-0.94757,382.53,-2.7157,0.052919,-2.1668
406.63,-0.92916,383.32,-2.5484,-0.070106,1.2017
406.53,-1.0055,383.3,-2.6657,-0.122,-0.11542
406.56,-0.86048,384.58,-2.0298,0.22451,1.9863
406.64,-0.93804,383.76,-2.183,-0.014251,-1.1628
406.62,-1.0901,382.59,-2.7377,-0.14151,-1.6334
406.69,-1.1676,382.59,-3.046,0.083071,0.026708
406.71,-1.1865,383.33,-3.0813,0.068426,0.95516
406.65,-1.2954,381.85,-3.5401,-0.14245,-1.8534
405.82,-1.3429,382.98,-3.7639,-0.78909,1.2326
405.9,-1.4167,382.33,-4.0516,0.055455,-0.75778
405.54,-1.4094,385.82,-3.7916,-0.28962,3.9679
404.57,-1.3225,386.54,-3.4303,-0.93386,0.77489
404.54,-1.29,387.63,-3.1831,-0.02961,1.1926
405.05,-1.2712,388.47,-2.9507,0.48222,0.87432
405.4,-1.2714,392.63,-2.5439,0.28581,4.3263
406.13,-1.1263,390.97,-2.0297,0.71152,-1.7715
407.03,-1.1618,393.53,-1.93,0.78758,2.5031
407.74,-1.1775,397.37,-1.648,0.55716,3.7588
409.12,-1.2005,401.31,-1.2803,1.1684,3.703
408.78,-0.85649,399.31,-0.40143,-0.25408,-1.9025
408.7,-0.77805,400.06,-0.40745,-0.097464,0.73804
409.88,-0.94984,403.65,-0.89164,0.954,3.2572
411.82,-1.2231,409.97,-1.2935,1.5314,5.7158
413.2,-1.1359,411.67,-0.80038,1.1999,1.3737
413.75,-1.0371,414.14,-0.42649,0.40195,2.232
415.12,-1.1212,418.68,-0.48937,1.0619,4.0399
415.76,-0.97157,420.26,-0.065252,0.52278,1.3676
416.31,-0.891,422.35,0.050707,0.41472,1.8681
417.48,-0.80874,422.47,0.045148,1.0641,-0.088067
419.13,-0.92224,425.01,-0.42678,1.4101,2.0962
421.1,-1.0797,428.88,-0.8371,1.653,3.2967
422.67,-0.86532,426.4,-0.44606,1.5498,-2.5741
424.29,-1.0255,430.22,-0.97565,1.3422,3.3439
426.73,-1.3081,437.67,-1.435,1.9571,6.6424
429.45,-1.3722,443.74,-1.0692,2.2937,5.3477
430.56,-1.0991,446.91,0.042116,0.90307,2.8543
430.86,-0.72365,447.69,1.0607,0.25513,0.703
432.63,-0.61311,449.92,1.2434,1.5767,1.9229
434.52,-0.52504,452.34,1.3648,1.6893,2.114
436.18,-0.37705,453.58,1.5941,1.5245,1.0378
437.82,-0.24258,454.43,1.7288,1.5266,0.68018
439.46,-0.2654,459.48,1.6425,1.4046,4.7654
441.57,-0.17305,463.35,2.0479,1.8959,3.6385
442.93,0.15073,462.52,2.8575,1.3206,-0.88711
443.09,0.46775,459.88,3.2492,0.22222,-2.6049
444.28,0.45573,462.14,2.86,1.0879,2.1983
444.91,0.52324,464.08,2.8331,0.56479,1.9121
444.98,0.68366,463.58,2.9821,0.080589,-0.49546
444.91,0.75368,464.43,2.8931,-0.085479,0.84883
446.19,0.74728,466.85,2.8567,1.1959,2.4535
448.04,0.82096,468.86,3.2608,1.778,2.0783
449.19,1.009,469.31,3.9384,1.1216,0.49054
449.67,1.1911,470.04,4.4971,0.46237,0.76025
451.08,1.3129,472.33,5.0127,1.3584,2.4307
451.98,1.4994,474.44,5.736,0.85736,2.235
451.72,1.7543,472.74,6.288,-0.23486,-1.7895
451.7,1.879,469.71,6.1574,0.010314,-3.1589
452.15,1.8572,467.68,5.5691,0.46387,-2.0809
452.53,1.8001,463.26,4.7438,0.40557,-4.6195
452.9,1.6455,457.53,3.5061,0.39853,-6.005
454.01,1.3757,453.99,2.1561,1.1341,-3.6343
455.01,1.1123,455.04,1.3556,0.99919,1.2349
455.54,1.0016,458.07,1.4647,0.52484,3.2984
455.79,1.0582,458.65,2.1115,0.25666,0.65961
455.7,1.1488,457.68,2.6701,-0.091284,-1.0605
454.31,1.1851,457.99,2.8767,-1.4105,0.14497
453.67,1.1896,458.99,3.0196,-0.64451,0.98589
452.39,1.1875,456.05,2.7733,-1.3014,-3.3821
451.13,1.0524,453.59,1.955,-1.2957,-2.8734
450.99,0.86118,453.54,1.2233,-0.13796,-0.080963
450.58,0.7244,454.45,0.86994,-0.41361,0.92824
450.12,0.63761,452.45,0.56359,-0.4816,-2.2722
449.69,0.51644,451.49,0.17234,-0.44547,-1.1218
449.89,0.42324,452.57,0.1191,0.21457,1.2151
449.36,0.39784,453.25,0.28472,-0.53715,0.65186
448.71,0.37585,451.17,0.21829,-0.67681,-2.4008
448.45,0.29888,450.32,-0.022974,-0.27187,-0.98281
447.74,0.22305,451.74,-0.13432,-0.72115,1.4325
447.41,0.20885,453.59,0.099656,-0.32033,1.9767
446.48,0.22548,453.37,0.25025,-0.95539,-0.41655
445.34,0.20734,454.54,0.27231,-1.1554,1.0696
444.75,0.21592,457.13,0.54295,-0.58446,2.7517
444.21,0.28688,459.7,1.0786,-0.53138,2.7435
443.88,0.38205,459.42,1.4882,-0.34098,-0.37225
444.29,0.44805,459.52,1.787,0.41474,0.1943
443.65,0.49315,460.85,1.9655,-0.63703,1.3485
443.7,0.56294,463.59,2.3995,0.073178,3.0469
443.59,0.67075,464.24,2.8328,-0.10481,0.70724
443.62,0.76091,465.46,3.1947,0.038914,1.3604
443.99,0.85824,466.6,3.5919,0.39132,1.3409
444.24,0.9594,467.81,3.9831,0.2662,1.3889
443.6,1.0206,467.11,3.9666,-0.66852,-0.90478
443.83,1.0206,467.06,3.7876,0.23987,-0.0049791
443.61,1.0047,468.27,3.63,-0.21336,1.2994
443.95,1.0198,469.88,3.7308,0.35862,1.8556
443.46,1.036,469.08,3.6149,-0.50382,-0.98663
443.15,0.99456,469.03,3.3061,-0.31965,-0.11957
443.43,0.9513,469.47,3.1113,0.28929,0.54067
443.57,0.93409,470.77,3.1209,0.14904,1.4766
443.45,0.93049,469.78,3.0195,-0.12493,-1.1197
441.76,0.84487,469.41,2.4486,-1.7378,-0.75236
441.98,0.74023,469.55,2.0284,0.2309,0.20572
442.4,0.68305,470.82,1.9737,0.43546,1.4929
442.18,0.66377,470.31,1.9236,-0.22857,-0.61274
