Starting values:
0.372410 
0.198118 
0.489688 
0.339493 
0.951630 
0.920332 
0.052677 
0.737858 
0.269119 
0.422836 
0.547871 
0.942737 
0.417744 
0.983052 
0.301455 
0.701099 

 Likelihood value is -542.981530 
code 1.000000 

 Estimated parameters are:
1.129266
-0.339382
0.959916
-0.251189
0.737006
-0.592389
0.641506
-0.146186
0.003298
0.210412
0.753168
1.137391
0.081944
0.206241
0.002456
0.907864
0.242422
0.197249
0.071872
0.160854
0.060608
0.081921
0.212301
0.244613
0.068097
0.082699
0.046400
0.060417
0.046751
0.009477
0.102998
0.197753
Pre-transformed estimate are:
1.296914
-1.072030
0.922922
-0.785412
0.583539
0.549264
0.472218
-0.345896
0.000033
0.002104
0.283467
-0.128737
2.501719
2.447962
0.000201
0.187239
