Starting values:
0.173389 
0.390938 
0.831380 
0.803364 
0.060471 
0.399258 
0.526876 
0.416799 
0.656860 
0.627973 
0.291984 
0.431651 
0.015487 
0.984064 
0.167168 
0.106216 

 Likelihood value is -865.257185 
code 5.000000 

 Estimated parameters are:
1.127922
-0.278963
0.564938
-0.549250
0.781792
0.071344
-0.388135
0.281155
0.786728
0.449028
2.896018
1.507945
0.000447
0.012586
0.380301
-0.019713
0.521911
0.558769
0.266496
0.881722
0.130245
0.253199
0.813236
0.962468
0.202762
0.105579
0.131348
0.068657
0.000200
0.010931
0.131976
2.926340
Pre-transformed estimate are:
1.293373
-1.886900
0.393668
0.591859
0.641756
-3.147409
-0.240799
-1.436978
0.007867
0.004490
-1.063337
-0.410748
7.713928
4.375397
0.000170
-0.000248
