Starting values:
-0.449860 
-0.502742 
-0.096722 
-0.544574 
0.608899 
0.972208 
-0.940016 
0.071328 
-0.825846 
0.604183 
0.978290 
-0.866107 
0.878797 
-0.963645 
0.367677 
0.567473 

 Likelihood value is -1134.621275 
code 1.000000 

 Estimated parameters are:
-0.310531
-0.079927
-0.081975
0.242516
0.378470
-0.684860
-0.484533
-0.518892
0.464674
0.811507
0.701091
3.403512
0.515050
2.684756
0.008348
0.211463
0.160232
0.109703
0.057421
0.062305
0.165505
0.182077
0.063207
0.115485
0.049560
0.238465
0.029496
0.226163
0.199395
0.409158
0.123365
0.131460
Pre-transformed estimate are:
-0.450391
-0.502552
-0.089295
-0.546710
0.608934
0.972231
-0.939990
0.071415
0.004647
0.008115
0.355118
-1.224807
0.663491
-0.964716
0.004300
0.567727
