Starting values:
0.525774 
-0.834075 
0.323192 
0.033958 
-0.657904 
0.877116 
0.180966 
-0.118731 
0.883838 
0.311828 
-0.096109 
0.679395 
0.065247 
0.107774 
0.360131 
-0.265620 

 Likelihood value is -762.780353 
code 5.000000 

 Estimated parameters are:
0.739081
-0.535789
-0.450409
0.039691
-0.865922
-0.861750
0.883950
-0.800478
1.115750
0.311260
2.358896
1.024364
0.986726
1.483438
1.037766
-1.000000
0.000453
0.001298
0.000488
0.001635
0.001188
0.001225
0.000396
0.000517
0.138590
0.023768
0.021877
0.000315
0.000071
0.000009
0.000076
0.000000
Pre-transformed estimate are:
2.832602
-3.527643
-0.819534
-8.238030
-6.458349
-0.032117
7.616975
-2.562166
0.011157
0.003113
-0.858194
3.588282
0.013363
7.882590
1.023991
-1.483438
