Starting values:
-0.048854 
-0.275081 
0.576227 
0.560592 
0.337024 
-0.732992 
-0.956888 
0.119681 
-0.398362 
0.878819 
0.961807 
-0.426759 
0.601641 
0.792223 
0.195053 
0.768033 

 Likelihood value is -538.772298 
code 1.000000 

 Estimated parameters are:
-0.000100
0.595182
-0.423087
-0.074184
0.757358
-0.727311
0.161295
-0.765242
0.708647
0.423579
1.064634
1.408449
0.007867
0.022521
0.183779
0.199145
0.130398
0.312099
0.011300
0.056869
0.091243
0.202643
0.056115
0.032391
0.082634
0.109323
0.057902
0.078460
0.007716
0.027197
0.074801
7.030939
Pre-transformed estimate are:
-0.000100
-1.471223
-0.733365
-1.530215
3.121306
-0.141340
0.192315
2.572634
0.007086
0.004236
-0.062631
-0.342489
4.845112
3.813545
0.001446
0.004485
