Starting values:
0.244950 
0.174089 
-0.584515 
-0.397507 
-0.058153 
-0.539024 
0.688618 
-0.610471 
-0.548156 
-0.658584 
-0.544671 
-0.128603 
-0.377795 
0.846759 
-0.139585 
-0.630367 

 Likelihood value is -520.470734 
code 0.000000 

 Estimated parameters are:
0.284729
-0.758157
-0.931815
-0.320270
-0.469884
0.352107
1.173659
-0.268883
0.681214
-0.523997
0.882439
0.587732
0.638876
0.514997
0.914807
-0.999597
0.089660
0.057677
0.052494
0.018872
0.002024
0.018868
0.054669
0.049442
0.127546
0.126139
0.067654
0.043053
0.045243
0.038118
0.059583
0.003239
Pre-transformed estimate are:
0.165997
2.546250
-0.872334
-0.374915
-0.307090
-3.297857
1.420308
-3.338939
0.006812
-0.005240
0.125066
2.779934
0.448044
4.225180
0.584449
-0.514789
