Starting values:
0.030734 
0.315061 
0.901830 
0.444697 
-0.199841 
0.663743 
-0.731323 
-0.879066 
-0.831506 
-0.672203 
-0.351560 
-0.396546 
-0.976638 
0.079810 
-0.809255 
-0.706970 

 Likelihood value is -782.215285 
code 1.000000 

 Estimated parameters are:
0.149093
-0.707327
0.673410
-0.874548
-0.393581
-0.179081
0.000001
0.551327
0.484550
0.251229
1.184651
1.844420
0.129510
0.089064
0.417521
-0.922780
0.055632
0.636484
1.731718
0.542948
0.159044
0.379072
0.211299
0.104271
0.080251
0.124930
0.059604
0.088592
0.026885
0.108518
0.057755
0.323358
Pre-transformed estimate are:
0.175217
1.907361
2.061947
1.603303
-0.649024
-0.547304
0.000001
-1.228803
0.004846
0.002512
-0.169449
-0.611735
2.043996
3.372064
0.054073
-0.082186
