Starting values:
0.637429 
0.456524 
-0.648377 
-0.279258 
-0.622420 
-0.997603 
-0.367161 
0.399234 
0.250510 
0.086124 
-0.121926 
-0.425145 

 Likelihood value is -640.674094 
code 5.000000 

 Estimated parameters are:
-1.165972
-0.283529
1.778619
-0.893514
0.185069
0.356511
1.012561
1.168569
0.000009
0.843116
0.179939
1.000000
22.153126
33.881359
0.028109
0.023119
0.072691
0.083906
0.050339
0.107406
0.000001
0.066116
0.145850
0.000000
Pre-transformed estimate are:
-1.398002
-2.547335
8.034212
0.039485
0.001851
0.003565
-0.012482
-0.155780
11.642442
12.238578
0.000002
0.843116
