Starting values:
1.000000 
-4.000000 
0.743820 
-5.070800 
0.511590 
-0.259000 
0.411040 
7.319270 
1.023690 
-1.508850 
-0.769310 
-0.163470 
0.967810 

 Likelihood value is -336.821168 
code 2.000000 

 Estimated parameters are:
0.680926
0.031892
0.851283
0.056806
0.530187
1.134453
1.098195
1.555745
0.806693
-0.874544
-0.992077
-11.340346
0.962822
0.062622
0.039341
0.027866
0.031499
0.107897
0.255010
0.208801
0.237917
0.083315
0.047930
0.007267
2.794822
0.002850
Pre-transformed estimate are:
0.516215
-1.296585
0.741072
-5.249053
0.530187
-0.126150
0.432321
7.319277
0.885906
-1.360567
-0.754453
-0.113403
0.962822
