Starting values:
0.820390 
0.818196 
0.183189 
-0.334857 
0.706127 
-0.115204 
0.808711 
-0.933641 
0.064853 
0.432995 
-0.641396 
-0.326934 

 Likelihood value is -813.528782 
code 1.000000 

 Estimated parameters are:
0.726441
-0.552694
0.552002
-0.081181
1.123695
0.292258
2.274925
2.555360
0.178842
0.393050
0.090688
0.353631
0.244874
1.000437
0.647583
0.411329
0.171001
0.192096
0.125929
0.140490
0.334396
0.159238
0.077973
0.434712
Pre-transformed estimate are:
0.570403
0.423588
0.381217
-0.368156
0.011237
0.002923
-0.821947
-0.938173
1.721252
1.000615
0.016219
0.138995
