Starting values:
-0.776589 
-0.727415 
0.357305 
-0.009646 
-0.620579 
-0.009988 
-0.704784 
-0.890052 
0.701425 
0.121119 
0.859218 
0.393334 
0.165582 
0.630794 
0.758028 
0.977823 

 Likelihood value is -852.784948 
code 1.000000 

 Estimated parameters are:
-0.430942
-0.190515
0.246967
-0.231085
-0.363770
-0.338610
-0.400027
-0.117247
0.290049
0.385766
0.904408
2.052236
1.628767
1.089016
-0.277581
0.884969
0.077075
0.078395
0.094337
0.127571
0.133725
0.060064
0.075434
0.187239
0.064738
0.146340
0.054390
0.119907
0.179382
0.207249
0.029111
0.036818
Pre-transformed estimate are:
-0.757289
-0.731600
0.327963
-0.021544
-0.571759
-0.041174
-0.666741
-0.891506
0.002900
0.003858
0.100475
-0.694054
-0.487823
0.679045
-0.452115
0.963745
