Starting values:
0.007562 
-0.020811 
0.754097 
-0.293716 
-0.101113 
0.927061 
-0.915404 
0.945917 
-0.621586 
0.334241 
0.172879 
0.350225 
-0.277956 
0.240557 
0.622302 
-0.961485 

 Likelihood value is -551.777090 
code 1.000000 

 Estimated parameters are:
-0.106543
0.416641
0.592413
-0.505727
-0.448172
-0.643448
-0.064958
-0.571759
0.217300
0.027118
1.072250
0.913076
0.011257
0.030238
-0.009437
0.955043
0.502459
0.944577
0.118772
0.838188
0.209612
0.574691
0.458184
0.145768
0.076988
0.065579
0.054425
0.048755
0.033268
0.003639
0.068669
0.481798
Pre-transformed estimate are:
-0.119248
-1.412967
1.453463
-0.270132
-0.812159
0.547679
-0.069471
1.183448
0.002173
0.000271
-0.069759
0.090936
4.486799
4.714462
-0.000106
0.028879
