Starting values:
0.805489 
0.576722 
0.182922 
0.239932 
0.886512 
0.028674 
0.489901 
0.167927 
0.978681 
0.712694 
0.500472 
0.471088 
0.059619 
0.681972 
0.042431 
0.071445 

 Likelihood value is -648.966528 
code 1.000000 

 Estimated parameters are:
0.898040
-0.425719
0.613609
0.062108
0.018782
0.320063
0.593506
-0.020183
0.368438
0.265730
1.585813
1.006586
0.058715
0.176157
0.255497
0.236603

0.358574
0.298291
0.304318
0.288355
0.185441
0.148131
0.096757
0.185035
0.114385
0.073968
0.080545
0.051932
0.145419
0.048541
0.067372
0.683843

Pre-transformed estimate are:
0.814948
-0.044157
0.442594
-1.137624
0.009480
-0.498301
0.421975
-0.648197
0.003684
0.002657
-0.461097
-0.006453
2.835068
1.765187
0.015001
0.041679
