"credit","Credit_HPcycle","Credit_HPtrend"
"150",82.6,-5.65024220641683,88.2502422064168
"151",82.6,-5.98844092125142,88.5884409212514
"152",80.8,-8.13908513268152,88.9390851326815
"153",80.9,-8.40260990634528,89.3026099063453
"154",80.2,-9.47942996017206,89.6794299601721
"155",80.6,-9.4699390055776,90.0699390055776
"156",79.3,-11.1745070553906,90.4745070553906
"157",79.9,-10.9934804475936,90.8934804475936
"158",80.5,-10.8271775839025,91.3271775839025
"159",82.9,-8.87588938233361,91.7758893823336
"160",81.2,-11.0398796929576,92.2398796929576
"161",81.9,-10.8193901761283,92.7193901761283
"162",82.7,-10.5146348924917,93.2146348924917
"163",84.2,-9.52580085422372,93.7258008542237
"164",85.2,-9.05304878690838,94.2530487869084
"165",86,-8.79651560163064,94.7965156016306
"166",86.2,-9.15631557684565,95.3563155768457
"167",89,-6.93254099973784,95.9325409997378
"168",89.5,-7.02526126668546,96.5252612666855
"169",91.9,-5.23452844271854,97.1345284427185
"170",90.3,-7.46037702972352,97.7603770297235
"171",92.1,-6.30282844324981,98.4028284432498
"172",92.5,-6.56188544791714,99.0618854479171
"173",93.1,-6.6375350512668,99.7375350512668
"174",94.6,-5.82974785613005,100.42974785613
"175",95.8,-5.33847787150266,101.138477871503
"176",95.7,-6.16366453199957,101.863664532
"177",96.4,-6.2052339260571,102.605233926057
"178",95.7,-7.6630967329433,103.363096732943
"179",97.1,-7.03714811883111,104.137148118831
"180",96.7,-8.22726409216989,104.92726409217
"181",106.5,0.766696931474298,105.733303068526
"182",107.8,1.24489710469633,106.555102895304
"183",109.1,1.70749666334388,107.392503336656
"184",109.3,1.05465273101887,108.245347268981
"185",110.2,1.08651816258312,109.113481837417
"186",109.9,-0.0967568237315863,109.996756823732
"187",110.7,-0.195024725984511,110.895024725985
"188",111.1,-0.708137800355807,111.808137800356
"189",110.8,-1.93594781544917,112.735947815449
"190",109.8,-3.87830476953274,113.678304769533
"191",109.1,-5.53505382100139,114.635053821001
"192",107.1,-8.50603043248896,115.606030432489
"193",106.4,-10.1910562289899,116.59105622899
"194",106.8,-10.7899315704346,117.589931570435
"195",108.6,-10.0024313391012,118.602431339101
"196",109.6,-10.0283034424491,119.628303442449
"197",110.4,-10.2672707818462,120.667270781846
"198",113.1,-8.61903118791404,121.719031187914
"199",115.2,-7.58325682309324,122.783256823093
"200",116.6,-7.25959830224152,123.859598302242
"201",117.6,-7.34768728208046,124.94768728208
"202",117.3,-8.74713727033599,126.047137270336
"203",120.6,-6.55754340551304,127.157543405513
"204",122.1,-6.17847895827139,128.278478958271
"205",123.7,-5.70950080541893,129.409500805419
"206",128.7,-1.85015037756087,130.550150377561
"207",131,-0.69995483155047,131.69995483155
"208",134.3,1.44156330113276,132.858436698867
"209",136.3,2.27488323889663,134.025116761103
"210",138.7,3.500480596242,135.199519403758
"211",140.9,4.51882530045841,136.381174699542
"212",143.3,5.73037852763768,137.569621472362
"213",146.2,7.43559015680857,138.764409843191
"214",147.1,7.134895741049,139.965104258951
"215",149.2,8.02871224446743,141.171287755533
"216",150,7.61743879392623,142.382561206074
"217",152.2,8.60145444451371,143.598545555486
"218",151.1,6.28111920771765,144.818880792282
"219",150.7,4.65677159138932,146.043228408611
"220",149.9,2.62873440058514,147.271265599415
"221",149.2,0.697318798428131,148.502681201572
"222",148.1,-1.63717062379044,149.73717062379
"223",151,0.0255689819216726,150.974431018078
"224",153,0.785844556483624,152.214155443516
"225",155.7,2.2439629768921,153.456037023108
"226",156.4,1.70022915553141,154.699770844469
"227",156.7,0.754942394878876,155.945057605121
"228",157.4,0.20839774683974,157.19160225316
"229",158.5,0.0608883759631914,158.439111624037
"230",157.8,-1.88729307419659,159.687293074197
"231",157.8,-3.1358541123061,160.935854112306
"232",157.2,-4.98449752879921,162.184497528799
"233",156.9,-6.53291827447436,163.432918274474
"234",157,-7.68079883888611,164.680798838886
"235",158.2,-7.72780537929363,165.927805379294
"236",159,-8.1735848509585,167.173584850958
"237",159.1,-9.31776488962976,168.41776488963
"238",162,-7.65995269709323,169.659952697093
"239",164.6,-6.2997321807234,170.899732180723
"240",167.7,-4.43666809801201,172.136668098012
"241",170.1,-3.27030945712174,173.370309457122
"242",174.6,-0.000194174545192771,174.600194174545
"243",179.4,3.57414800900222,175.825851990998
"244",184.3,7.2531873532844,177.046812646716
"245",192.1,13.8373851827012,178.262614817299
"246",197.4,17.9271846886802,179.47281531132
"247",200.8,20.1229944691902,180.67700553081
"248",203.6,21.7251783042306,181.874821695769
"249",204.4,21.3340496663224,183.065950333678
"250",200.3,16.0498677150348,184.250132284965
"251",199.3,13.8728382748213,185.427161725179
"252",194.7,8.10312704545603,186.596872954544
"253",190.5,2.74086504462485,187.759134955375
"254",192.5,3.58616303219525,188.913836967805
"255",196.2,6.13912491586738,190.060875084133
"256",198,6.79984563793506,191.200154362065
"257",200.8,8.46840479288569,192.331595207114
"258",205.2,11.7448649755866,193.455135024413
"259",208.7,14.1292676098956,194.570732390104
"260",208.9,13.2216247575069,195.678375242493
"261",205.7,8.92191315694721,196.778086843053
"262",208.9,11.0300764926793,197.869923507321
"263",212.1,13.1460361443833,198.953963855617
"264",206.9,6.86968591654853,200.030314083451
"265",205.3,4.20088674857218,201.099113251428
"266",199.4,-2.76051759435653,202.160517594357
"267",201.8,-1.41469384927102,203.214693849271
"268",203.7,-0.561801851912958,204.261801851913
"269",207,1.69800209871562,205.301997901284
"270",216.2,9.86456310811748,206.335436891883
"271",206.6,-0.762277963212502,207.362277963213
"272",212.9,4.51729508381092,208.382704916189
"273",209,-0.396899646026502,209.396899646026
"274",225.1,14.6949446588163,210.405055341184
"275",229.9,18.4926358021371,211.407364197863
"276",229.3,16.8959448503678,212.404055149632
"277",229.2,15.80459663835,213.39540336165
"278",224,9.61827376106672,214.381726238933
"279",220.6,5.23661930200547,215.363380697995
"280",216,-0.340747701029626,216.34074770103
"281",216.7,-0.614221301780717,217.314221301781
"282",214,-4.28419470212236,218.284194702122
"283",214.4,-4.85105956837591,219.251059568376
"284",211,-9.21519685637591,220.215196856376
"285",210.8,-10.3769753943074,221.176975394307
