"credit","Credit_HPcycle","Credit_HPtrend"
"150",27.2,-18.764529572562,45.964529572562
"151",42.7,-3.10295610783224,45.8029561078322
"152",37.2,-8.44126160144867,45.6412616014487
"153",33.9,-11.5793543195325,45.4793543195325
"154",28.2,-17.1171214250503,45.3171214250503
"155",28,-17.1544211325833,45.1544211325833
"156",28.7,-16.2910688639085,44.9910688639085
"157",31.8,-13.0268371547511,44.8268371547511
"158",28.5,-16.1614578131644,44.6614578131644
"159",27.8,-16.6946300801069,44.4946300801069
"160",31.1,-13.2260127928935,44.3260127928935
"161",39.1,-5.05522305226432,44.1552230522643
"162",26.4,-17.5818448939279,43.9818448939279
"163",26.9,-16.9054497155333,43.8054497155333
"164",30.5,-13.1255649601199,43.6255649601199
"165",33.3,-10.1416758071019,43.4416758071019
"166",7.5,-35.7532346219807,43.2532346219807
"167",19.7,-23.3596684160647,43.0596684160647
"168",36,-6.86031481758019,42.8603148175802
"169",732.6,689.945546944416,42.6544530555838
"170",35,-7.44134520833904,42.441345208339
"171",26.4,-15.8219782179829,42.2219782179829
"172",22.7,-19.2973204232878,41.9973204232878
"173",18.8,-22.9683006080797,41.7683006080797
"174",23,-18.535799312883,41.535799312883
"175",21.3,-20.0006396574707,41.3006396574707
"176",18.3,-22.7635984221182,41.0635984221182
"177",17.7,-23.1254023855014,40.8254023855014
"178",17.7,-22.8867214173004,40.5867214173004
"179",18.9,-21.448167573689,40.348167573689
"180",19.2,-20.9102956940378,40.1102956940378
"181",19.8,-20.0736069972979,39.8736069972979
"182",22,-17.6385504266819,39.6385504266819
"183",21.7,-17.7055247413847,39.4055247413847
"184",21.7,-17.4748846042247,39.1748846042247
"185",23.2,-15.7469404142088,38.9469404142088
"186",23.1,-15.6219588831321,38.7219588831321
"187",24.3,-14.2001673554396,38.5001673554396
"188",24.7,-13.5817541206782,38.2817541206782
"189",25,-13.0668719679759,38.0668719679759
"190",24.1,-13.7556397320767,37.8556397320767
"191",24.8,-12.8481435805444,37.6481435805444
"192",24.3,-13.1444352918442,37.4444352918442
"193",25.5,-11.7445345240797,37.2445345240797
"194",25.4,-11.6484280742667,37.0484280742667
"195",25.8,-11.0560733780875,36.8560733780875
"196",25.9,-10.767398750151,36.667398750151
"197",26.5,-9.98230486488581,36.4823048648858
"198",26.9,-9.40066547822117,36.3006654782212
"199",27.9,-8.22232939032604,36.122329390326
"200",28.5,-7.44712189970301,35.947121899703
"201",29.6,-6.17484774903549,35.7748477490355
"202",29.9,-5.70529306319727,35.6052930631973
"203",30.4,-5.03822852994714,35.4382285299471
"204",31.2,-4.07341057380786,35.2734105738079
"205",32,-3.11058302373242,35.1105830237324
"206",32.1,-2.84947952514719,34.9494795251472
"207",32.5,-2.28982594701983,34.7898259470198
"208",32.1,-2.53134103462126,34.6313410346213
"209",32.1,-2.37373780865625,34.4737378086563
"210",30.9,-3.41672296147738,34.3167229614774
"211",30.3,-3.85999725109264,34.1599972510926
"212",30.1,-3.90325289370249,34.0032528937025
"213",29.4,-4.44617245551433,33.8461724555143
"214",28.3,-5.38842874460346,33.6884287446035
"215",29.3,-4.22968345361362,33.5296834536136
"216",28.2,-5.16958480411764,33.3695848041176
"217",39.4,6.19222955652171,33.2077704434783
"218",75.2,42.1561349049025,33.0438650950975
"219",84.5,51.6224910370497,32.8775089629503
"220",76.3,43.5915523586504,32.7084476413496
"221",63.2,30.6634442191639,32.5365557808361
"222",52.4,20.0381829891691,32.3618170108309
"223",46.9,14.7157083806354,32.1842916193646
"224",44.9,12.8959100100723,32.0040899899277
"225",43,11.1786407047201,31.8213592952799
"226",39,7.36372105204428,31.6362789479557
"227",38.2,6.7509436929074,31.4490563070926
"228",37.3,6.04008285886937,31.2599171411306
"229",35.1,4.0308959041324,31.0691040958676
"230",32.7,1.8231250826901,30.8768749173099
"231",31.6,0.916502571296713,30.6834974287033
"232",29.9,-0.589244011106084,30.4892440111061
"233",29.3,-0.994389336833021,30.294389336833
"234",28.6,-1.49920660508899,30.099206605089
"235",28,-1.90396652910544,29.9039665291054
"236",27.4,-2.30893607409744,29.7089360740974
"237",26.9,-2.61437744536342,29.5143774453634
"238",26.3,-3.02054707586189,29.3205470758619
"239",25.8,-3.32769486260749,29.1276948626075
"240",25.9,-3.03606315124726,28.9360631512473
"241",25.1,-3.64588596819173,28.7458859681917
"242",24.3,-4.25738974969298,28.557389749693
"243",23.2,-5.17079181728813,28.3707918172881
"244",22.9,-5.28629884904014,28.1862988490401
"245",23.2,-4.80410459603123,28.0041045960312
"246",23.5,-4.32438959359922,27.8243895935992
"247",23.7,-3.94732236681759,27.6473223668176
"248",23.3,-4.1730606297875,27.4730606297875
"249",22.7,-4.60175222830352,27.3017522283035
"250",21.9,-5.23353457550901,27.133534575509
"251",21.4,-5.56853358016571,26.9685335801657
"252",21,-5.80686206720013,26.8068620672001
"253",21.1,-5.54861894020535,26.6486189402054
"254",20.7,-5.7938885856184,26.4938885856184
"255",20.8,-5.54274151832786,26.3427415183279
"256",21.2,-4.99523376850265,26.1952337685026
"257",21.1,-4.951407509457,26.051407509457
"258",20.7,-5.21129242641964,25.9112924264196
"259",20.9,-4.87490582610581,25.7749058261058
"260",21.2,-4.44225198699116,25.6422519869912
"261",22,-3.51332300029383,25.5133230002938
"262",21.7,-3.68809985159882,25.3880998515988
"263",21.8,-3.46655474318339,25.2665547431834
"264",22,-3.14865065707704,25.148650657077
"265",22.8,-2.23434190892019,25.0343419089202
"266",22.4,-2.52357494272912,24.9235749427291
"267",20.8,-4.01629061666502,24.816290616665
"268",20.2,-4.51242347994842,24.7124234799484
"269",19.7,-4.91189804107707,24.6118980410771
"270",19.4,-5.11462752748847,24.5146275274885
"271",19.7,-4.72051288687506,24.4205128868751
"272",19.7,-4.62944228036069,24.3294422803607
"273",21.5,-2.74129206778734,24.2412920677873
"274",21.1,-3.0559270353895,24.1559270353895
"275",20.6,-3.47320511617493,24.0732051161749
"276",20.6,-3.39297660332995,23.99297660333
"277",20.8,-3.11508310703017,23.9150831070302
"278",20.4,-3.43935775500908,23.8393577550091
"279",21.3,-2.4656258872934,23.7656258872934
"280",22.5,-1.19370424551376,23.6937042455138
"281",24.9,1.27659659276249,23.6234034072375
"282",25.4,1.84546903422948,23.5545309657705
"283",28.8,5.31310229408889,23.4868977059111
"284",33.3,9.87968097387031,23.4203190261297
"285",29,5.64537639234819,23.3546236076518
