"credit","Credit_HPcycle","Credit_HPtrend"
"150",121.7,-11.3749191635509,133.074919163551
"151",125,-8.45615562967174,133.456155629672
"152",125.2,-8.64448073308113,133.844480733081
"153",131.3,-2.93976456623712,134.239764566237
"154",131.8,-2.84185561040262,134.641855610403
"155",135.9,0.849405002579726,135.05059499742
"156",139.8,4.33418324550065,135.465816754499
"157",147.7,11.8126429676384,135.887357032362
"158",149.5,13.1849371828158,136.315062817184
"159",151.2,14.4511893732456,136.748810626754
"160",152.2,15.011490058801,137.188509941199
"161",157.5,19.8658936313767,137.634106368623
"162",154.7,16.6144169541464,138.085583045854
"163",157,18.4570272255494,138.542972774451
"164",156.2,17.1936501079807,139.006349892019
"165",158.4,18.9241651212698,139.47583487873
"166",155.6,15.648408801117,139.951591198883
"167",156.7,16.2661703728154,140.433829627185
"168",154.9,13.9771999406322,140.922800059368
"169",158.3,16.8812069434067,141.418793056593
"170",156.1,14.1778658769819,141.922134123018
"171",155,12.566809034182,142.433190965818
"172",153.1,10.1476332631682,142.952366736832
"173",155.6,12.1199039950788,143.480096004921
"174",152,7.9831612919655,144.016838708034
"175",153.4,8.83691491612368,144.563085083876
"176",150.3,5.18065467194212,145.119345328058
"177",152.3,6.61384827152986,145.68615172847
"178",151,4.73595047534928,146.264049524651
"179",150.1,3.24639950924979,146.85360049075
"180",147.7,0.244621759200314,147.4553782408
"181",145.7,-2.36996450482668,148.069964504827
"182",144.4,-4.29794162441488,148.697941624415
"183",144.8,-4.53988601623323,149.339886016233
"184",145.5,-4.49636335210779,149.996363352108
"185",147.1,-3.56792795413313,150.667927954133
"186",147.2,-4.15512290350417,151.355122903504
"187",144.7,-7.35848236159964,152.0584823616
"188",140.8,-11.9785301019831,152.778530101983
"189",138,-15.5157715020185,153.515771502018
"190",137.4,-16.8706819927381,154.270681992738
"191",137.7,-17.3436982157465,155.043698215747
"192",137.2,-18.6352146359481,155.835214635948
"193",138.7,-17.9455823589997,156.645582359
"194",140.8,-16.675105902525,157.475105902525
"195",140.9,-17.4240449201904,158.32404492019
"196",141.1,-18.0926173778892,159.192617377889
"197",141.1,-18.9809976814045,160.080997681405
"198",141.8,-19.1893150049915,160.989315004992
"199",143.1,-18.8176510703894,161.917651070389
"200",144.7,-18.1660396260677,162.866039626068
"201",145.4,-18.4344673763548,163.834467376355
"202",145.5,-19.3228756104905,164.82287561049
"203",146.6,-19.2311595315436,165.831159531544
"204",146.7,-20.1591660353884,166.859166035388
"205",145,-22.906693940003,167.906693940003
"206",150.5,-18.4734916654522,168.973491665452
"207",152.1,-17.9592503650627,170.059250365063
"208",151.2,-19.9636150084337,171.163615008434
"209",153.1,-19.1861856670403,172.28618566704
"210",159.1,-14.3265125033168,173.426512503317
"211",156.4,-18.1840977142439,174.584097714244
"212",161.3,-14.4584076805065,175.758407680507
"213",160.1,-16.8488633225515,176.948863322551
"214",160.5,-17.6548494148075,178.154849414808
"215",162.6,-16.775708609542,179.375708609542
"216",165.4,-15.2107394218989,180.610739421899
"217",169.9,-11.9591984277544,181.859198427754
"218",168.6,-14.5203041761334,183.120304176133
"219",168.1,-16.2932453180664,184.393245318066
"220",170.4,-15.2771742038232,185.677174203823
"221",169.4,-17.5712024505593,186.971202450559
"222",174.3,-13.9744034824949,188.274403482495
"223",176.3,-13.2858067958423,189.585806795842
"224",178.3,-12.6044069508075,190.904406950808
"225",177.3,-14.9291652930792,192.229165293079
"226",182.8,-10.759011657328,193.559011657328
"227",183.9,-10.9928385553112,194.892838555311
"228",186.2,-10.0295116012585,196.229511601258
"229",188.6,-8.96786892730164,197.567868927302
"230",195,-3.90672359179348,198.906723591793
"231",199.3,-0.944866233415151,200.244866233415
"232",203.4,1.81892227596042,201.58107772404
"233",208.1,5.18586342662802,202.914136573372
"234",211.6,7.35717416157425,204.242825838426
"235",213.4,7.83405845912813,205.565941540872
"236",219.8,12.9177019046842,206.882298095316
"237",224.6,16.4092704984915,208.190729501508
"238",227.1,17.6098979465446,209.490102053455
"239",229.2,18.4206769316561,210.779323068344
"240",232.7,20.6426561118987,212.057343888101
"241",237.9,24.5768380936526,213.323161906347
"242",239,24.4241738766603,214.57582612334
"243",239.9,24.0855530185616,215.814446981438
"244",241.2,24.1618040165703,217.03819598343
"245",244.6,26.3536951540175,218.246304845983
"246",249,29.5619343097089,219.438065690291
"247",252.9,32.2871634782285,220.612836521772
"248",257.9,36.1299507493182,221.770049250682
"249",260.6,37.6907834948134,222.909216505187
"250",262.5,38.4700587616776,224.029941238322
"251",258.9,33.7680793699016,225.131920630098
"252",254.3,28.0850519643383,226.214948035662
"253",249.9,22.6210987696387,227.278901230361
"254",249,20.6762717978301,228.32372820217
"255",249.1,19.7505665082004,229.3494334918
"256",254.7,24.3439266693291,230.356073330671
"257",256.7,25.3562466734109,231.343753326589
"258",258.9,26.5873600528002,232.3126399472
"259",258.9,25.6370369492442,233.262963050756
"260",255.8,21.6049810360983,234.195018963902
"261",257.7,22.5908318941134,235.109168105887
"262",255.6,19.5941750915973,236.005824908403
"263",253.8,16.9145397197673,236.885460280233
"264",252.8,15.0514058844108,237.748594115589
"265",246.9,8.30421140496224,238.595788595038
"266",246.8,7.37235647233839,239.427643527662
"267",244.3,4.05522051693669,240.244779483063
"268",248.7,7.65216453825351,241.047835461746
"269",247.5,5.66253939774455,241.837460602255
"270",247.5,4.88567682644589,242.614323173554
"271",244.4,1.02089439904945,243.379105600951
"272",246.4,2.26749747605018,244.13250252395
"273",245.3,0.424788865710513,244.875211134289
"274",244.8,-0.807934292450935,245.607934292451
"275",245.5,-0.831375920889305,246.331375920889
"276",247.1,0.0537620777795594,247.04623792222
"277",242.7,-5.05322012062347,247.753220120623
"278",239.9,-8.55302247467701,248.453022474677
"279",237,-12.1463323099182,249.146332309918
"280",235.7,-14.1338155693223,249.833815569322
"281",234.5,-16.0161078300389,250.516107830039
"282",234.5,-16.6938093346728,251.193809334673
"283",235.7,-16.1674802855605,251.867480285561
"284",235.3,-17.2376391505169,252.537639150517
"285",235.2,-18.0047639786565,253.204763978656
