Starting values:
0.816190 
-0.017960 
0.000000 
1.258810 
-0.444310 
0.900000 
0.561796 
0.492200 
0.885152 
1.345500 
0.925037 
0.912157 
0.660000 
Starting priors:
376.584050 
412.212184 
222.734960 
150.343171 
0.500000 
0.500000 
0.117300 
0.058000 

 Likelihood value is -536.672237 
code 1.000000 

 Estimated parameters are:
0.943663
1.788721
-0.308126
0.420209
-0.052801
3.620798
1.025896
0.020325
0.006424
0.480698
1.000000
-1.000000
0.392432
0.152673
0.990802
0.079129
0.446726
0.162955
2.825892
0.052215
0.143165
0.015061
0.265416
0.000000
0.000005
0.027481
Pre-transformed estimate are:
0.943663
1.788721
-0.308126
0.420209
-0.052801
3.620798
1.025896
0.020325
0.000000
-0.000000
0.480698
-0.006424
0.392432
