Starting values:
0.816195 
-0.017964 
0.129464 
-0.121900 
1.258806 
-0.380326 
0.538635 
-0.444313 
0.942586 
0.492200 
0.900412 
1.345500 
0.945047 
0.945420 
0.660000 
Starting priors:
351.154544 
311.307077 
123.045699 
132.980037 
0.500000 
0.500000 
3.205848 
4.321250 

 Likelihood value is -854.536244 
code 1.000000 

 Estimated parameters are:
0.573494
-0.849528
0.210763
0.003687
1.878426
-0.831921
-0.385782
-0.106553
1.494197
0.095040
2.501496
0.590371
1.000000
0.369762
0.660000
NaN
NaN
NaN
NaN
NaN
NaN
NaN
NaN
NaN
NaN
NaN
NaN
NaN
NaN
NaN
Pre-transformed estimate are:
0.573494
-0.849528
0.210763
0.003687
1.878426
-0.831921
-0.385782
-0.106553
1.494197
0.095040
2.324206
0.000001
0.590371
0.924958
0.660000
