Starting values:
5.264172 
18.276300 
1.254831 
4.235633 
4.789237 
3.995891 
-16.200482 
10.859208 
0.061029 
Starting priors:
376.584050 
412.212184 
147.012525 
143.733211 

 Likelihood value is -651.567273 
code 1.000000 

 Estimated parameters are:
0.916563
0.997475
1.038233
0.170679
0.569574
1.472777
-0.999923
0.999909
0.226132
0.057201
0.008330
0.055146
0.105917
0.163079
0.094577
0.007153
0.017926
0.097907
Pre-transformed estimate are:
10.985076
395.073743
-0.037521
1.767973
4.868576
3.999679
-1.472663
0.569522
0.226132
