Starting values:
16.595709 
10.360816 
2.947853 
3.993805 
1.396705 
1.454489 
15.634874 
-6.479570 
0.012484 
Starting priors:
351.154544 
311.307077 
108.941314 
114.664235 

 Likelihood value is -868.970677 
code 1.000000 

 Estimated parameters are:
0.944377
0.981655
1.565593
0.042809
1.051709
2.730375
0.996455
0.999487
0.466258
0.353452
0.012827
0.077030
0.234903
0.397485
0.083864
0.100999
0.034095
0.056334
Pre-transformed estimate are:
16.978192
53.509700
-0.448265
3.151009
3.390865
1.470980
2.720696
1.051169
0.466258
