Likelihood value is 
4710.5765725216
code 
4
:
Stopped by zero step from line search

Estimated parameters are:
0.415301079123043
-0.162252314752595
-0.112997698793512
-0.649954896235901
-0.640654467058703
0.0326933929226771
0.869522881215509
-0.472627860022171
-0.606201194399725
0.127830892919218
2.53472223668064
4.69271979462746
0.0540804338662912
0.330067297811995
0.926815497377136
0.400324059947826
2.7381824006351e-05
1.44754759583458e-05
8.87591847293614e-06
1.82463425315102e-05
3.66742477092503e-05
3.18938362068572e-05
4.0501012186386e-05
1.87051218360202e-05
0.17484840057235
0.334745414213583
0.000167933251060895
0.000289864322800105
1.15805070097646e-05
2.4015098469684e-05
8.92368358946608e-06
3.99560537063981e-05

Pre-transformed estimates are:
0.262069389744532
-0.0607780302694902
-0.0598821202927337
1.69537022645826
-0.471296260982651
-1.08072344614643
0.769164511839422
0.0718020853661486
-0.00606201194399725
0.00127830892919218
-0.930084059710635
-0.566560850727278
2.91728282460411
1.19578980672864
4.34928543050918
0.132133880716106

Starting values:
0.648753
0.965327
0.460498
-0.312246
0.168139
-0.784462
0.812616
0.759307
0.635521
-0.478544
0.188713
-0.954975
-0.149481
-0.374562
-0.677031
-0.642468
