Starting values:
0.906100 
-0.069200 
1.334200 
-0.444100 
0.882415 
0.479294 
0.917605 
0.100843 
0.447180 
0.939484 
Starting priors:
351.154544 
311.307077 
205.950314 
211.899242 
0.500000 
0.500000 

 Likelihood value is -844.619682 
code 0.000000 

 Estimated parameters are:
0.902295
0.071190
1.837357
-0.866649
1.539506
0.261522
1.936588
0.994657
0.927850
0.241095
0.151916
0.151804
0.044270
0.043953
0.078222
0.119013
0.132273
0.172154
0.604676
0.084381
Pre-transformed estimate are:
0.902295
0.071190
1.837357
-0.866649
1.539506
0.261522
1.879462
0.370961
0.922893
0.466901
