Starting values:
0.860000 
0.000000 
1.540000 
-0.614400 
0.596746 
0.334461 
0.616836 
0.408803 
0.431949 
0.992185 
Starting priors:
376.584050 
412.212184 
228.178395 
224.736235 
0.500000 
0.500000 

 Likelihood value is -817.133259 
code 0.000000 

 Estimated parameters are:
0.884798
0.109197
2.177384
0.003398
1.190786
0.535743
1.774917
0.818237
0.463110
0.389868
0.777534
0.802673
0.355756
0.015527
0.296384
0.661406
0.116775
1.782623
1.370478
0.161914
Pre-transformed estimate are:
0.884798
0.109197
2.177384
0.003398
1.190786
0.535743
1.634469
0.725205
0.378934
0.691983
