Likelihood value is 
-1080.9723425627
code 
4

Estimated parameters are:
0.999586762676343
-0.00590369685695197
0.74331481782178
-0.955399642221839
3.93383679049402e-06
0.00208843177438309
18.3050744922946
7.11588933628329
0.999999490020857
-0.995297594357388
0.0480325757796587
0.440700076923061
0.00806984413776776
0.00508491851482064
0.123910273412229
0.017715428905125
0.00953525837839297
0.00957548117394798
8.28188479971996
2.78471793214568
0.00202818212471627
0.00376870728583128
0.0140796527136466
0.0586607155759409

Pre-transformed estimates are:
0.999173866741783
-78.1850293766437
0.591488487620573
13.088285888074
12.4458953257685
13.0692163828273
-2.90717831606923
0.372113708229104
0.00208843070932644
-7.08242753811615
3.03587583618499
0.819390732586762

Starting values:
-6.14555730484426
4.98055839911103
16.7325105983764
19.5929193496704
12.4468360468745
-3.92767922021449
-15.7714764401317
-11.6146756242961
16.2411337718368
-9.29424388334155
6.14407049492002
-11.0117067862302

Staring priors:
376.584049525006
412.212184322155
114
136
196
102
149

