Likelihood value is 
-4361.25495892484
code 
4

Estimated parameters are:
1.75319819709711
-0.760514285486699
1.61747480822291
-0.981520343355804
6.72474460690936
9.29322647680956
30757071.3692403
12.101812582202
3.33129300611176e-05
0.381478368530941
-0.999999998790256
-0.999999977434699
0.0151562243923627
0.0139620859609189
0.034041760220876
0.00354439898882514
0.811061277103348
1.49932486354776
100321732.013491
0.780073262947065
3.66948984457639e-05
0.0534017558379545
2.86551740026504e-09
9.54276102455711e-08

Pre-transformed estimates are:
7.10366851650178
-15.8670599479228
4.22841382212937
9.34989986941218
-1.90579394809902
-2.22928579896688
-17.2416304890066
7.42649974301457
10.3095649462193
9.42055379040539
-12.1018125675619
-0.381478359922767

Starting values:
7.10366851650178
-15.8670599479228
4.22841382212937
9.34989986941218
-1.90579394809902
-2.22928579896688
-17.2416304890066
7.42649974301457
10.3095649462193
9.42055379040539
-12.1018125675619
-0.381478359922767

Staring priors:
356.953269648137
482.583065700849
168
171
134
184
100

