Likelihood value is 
-937.532939899895
code 
4

Estimated parameters are:
0.51399620438991
0.74981092727821
0.517458929852686
0.285316633339276
0.363715224245639
0.0327860794826843
1.31875414307921e-07
1.69628798533159
0.774270031333993
13.2592263408396
-0.999992926852068
-0.411503109323436
0.0075843960213233
0.0337154236868595
0.0222219644039886
0.0539791931803484
0.0541383478573906
0.170355049497222
0.000267953965691463
0.0645071939112194
0.170345532127016
2.06196827477184
0.000165692513342021
0.0482175922021857

Pre-transformed estimates are:
-17.8573191327449
2.99697712262597
-14.3134982675525
0.399221035005173
1.01138406851515
3.41775125969348
15.8414081910496
5.054588314925
0.255834588543584
-2.49192940561489
-1.69627598723573
-5.45621286647872

Starting values:
-2.61612297967076
-17.3132021632046
-12.509014448151
-18.4708360489458
-0.92409904114902
-14.5815473143011
15.8414353244007
5.05416536703706
-9.73444996401668
-17.9380722623318
-3.68026620708406
-7.67053031362593

Staring priors:
292.316158071916
390.318405676094
181
7
164
39
91

