Likelihood value is 
-1319.29096235131
code 
4

Estimated parameters are:
-0.433973356236002
0.510701365088936
1.84164974112188
-0.846648602670008
0.0464529617319431
0.216884634719707
0.5996138094835
3.17511874268071
0.0977269653125143
34.6780535743874
-0.999999999977145
0.377195298370895
0.0422403889278587
0.040806865498978
0.0762360692084779
0.076776781818898
0.0910249124716715
0.0567929222063928
0.113532483659045
0.278157165386738
0.0949359988368211
7.64516734757477
7.73023648638221e-07
0.0451046531445008

Pre-transformed estimates are:
-0.277117479427382
-13.1529033496752
11.6302287989275
-14.8386321919209
3.06931505403393
1.52838970404723
0.511469481858968
10.7490154010261
2.32557775686308
-3.4693703993817
-3.17511874260815
13.0803987649129

Starting values:
7.16502209194005
-13.2321385480464
12.4694760143757
-14.8546117451042
-3.50964913144708
-0.802104575559497
-19.3429991416633
10.749015333131
-1.3483205717057
-19.6487483941019
-13.9251283928752
12.3128848150373

Staring priors:
351.154543883102
311.307076597122
175
7
165
10
4

