Starting values:
-0.990732 
0.549821 
0.634606 
0.737389 
-0.831128 
-0.200435 
-0.480259 
0.600137 
-0.137172 
0.821295 
-0.636306 
-0.472394 
-0.708922 
-0.727863 

 Likelihood value is -797.084438 
code 5.000000 

 Estimated parameters are:
-0.974991
-0.999998
0.729852
1.259713
-0.802517
2.117247
1.067148
1.567687
0.339820
1.358961
-0.021467
1.000000
0.042572
0.000000
0.269958
0.000047
0.153326
0.261381
0.062728
0.999484
0.064195
0.171970
0.086408
0.207786
0.111165
0.000000
0.020944
0.000000
Pre-transformed estimate are:
-0.951202
206563.335419
0.729852
1.701654
0.874302
2.117247
-0.064989
-0.449590
1.079339
42893.103974
-0.007295
1.358961
3.156551
66050.557580
