Starting values:
-0.807091 
-0.736053 
0.884101 
0.912269 
0.150417 
-0.880441 
-0.530440 
-0.293683 
0.642388 
-0.969193 
-0.913952 
-0.662020 
0.298231 
0.463445 

 Likelihood value is -704.761097 
code 0.000000 

 Estimated parameters are:
0.453763
-0.999232
-853.310272
1.178977
-0.617724
-0.000666
0.000000
1.024399
0.982974
0.000994
1.042143
-1.000000
0.007233
0.398941
NaN
NaN
NaN
NaN
NaN
NaN
NaN
NaN
NaN
NaN
NaN
NaN
NaN
NaN
Pre-transformed estimate are:
0.293463
1005.535296
-853.310272
1.435984
0.073862
-0.000666
324.857076
146.917599
0.017173
350.760704
1.024399
-0.000994
4.929154
0.918941
