Likelihood value is 
-724.095768567217
code 
4

Estimated parameters are:
-1.50980392156863
-0.519259864439603
-0.0217606330365974
-0.206476037929144
-0.368545558365283
-0.467276703314073
1.33087317704761
-0.408836361042251
0.28
0.05
3.4418186189883
1.14388785132895
0.000219293399726443
0.842411701174159
-0.919670576777088
0.999938627188955
0.166293093710488
0.163732093758105
0.0268869857138275
0.019419284170827
0.0166650420601686
0.0518960986825356
0.0410874033517003
0.0413179947973755
0.254298686069748
0.091574076912082
0.420760670526774
0.0964189943695937
0.00167443544384728
0.0621706891309907
0.0460698906571318
0.00183662260271403

Pre-transformed estimates are:
-3.08
-24.92
-0.011
0.24649
-0.2259
0.53124
1.98897
-3.2913
0.0028
5e-04
-1.236
0.8003
8.4251
4.6742
-1.052
0.84236

Starting values:
-3.08
-24.92
-0.011
0.24649
-0.2259
0.53124
1.98897
-3.2913
0.0028
5e-04
-1.236
0.8003
8.4251
4.6742
-1.052
0.84236
