Likelihood value is 
-1190.64018803622
code 
4

Estimated parameters are:
0.521009653090405
0.111780534473711
0.480509363895351
-0.935319230430882
0.101416169401111
0.638785969673686
0.0227020575693383
19.6836749542306
0.000195370945354326
17.5606633906773
0.957719618580261
-0.99492481814051
0.010091886287354
0.00894497940406492
0.0196871441152471
0.0796399609498196
0.0341057779418096
0.341096164340303
0.0151421056527138
0.913095433314326
0.160260882866435
0.85140509782052
0.0573675718428599
0.0133496092273013

Pre-transformed estimates are:
-11.8922856274864
0.12584787748091
12.8201726720352
-14.4605457953218
2.28852273898828
0.448185826449035
3.78529971678143
-1.733963729295
8.54061052258283
-0.569268088093329
18.8514416694236
-17.4715398303963

Starting values:
-11.8640240840614
2.1661323774606
12.8464498464018
-14.5812738500535
2.30624339543283
-13.4971761051565
-2.11631177924573
-9.91697575896978
8.54061044752598
-4.91958719678223
19.5901887863874
-17.36851580441

Staring priors:
254.160199346455
414.709512760763
102
38
173
6
-61

