Starting values:
1.148526 
-0.289951 
1.147419 
-0.315719 
0.087364 
0.087451 
0.088373 
0.091057 
0.249178 
Starting priors:
401.998015 
405.543047 
103.183285 
127.692298 
0.500000 
0.500000 
0.719839 
1.143899 
9.381314 
12.949326 

 Likelihood value is -425.865684 
code 1.000000 

 Estimated parameters are:
1.095077
-0.088145
1.387880
-0.515083
0.714114
0.512096
2.371935
0.515974
1.000000
0.048344
0.042071
0.257587
0.230996
0.121011
0.123589
0.172228
0.269961
0.000284
Pre-transformed estimate are:
1.095077
-0.088145
1.387880
-0.515083
0.714114
-0.512096
2.371935
-0.000202
-0.515974
