Starting values:
1.000000 
5.000000 
1.000000 
5.000000 
-14.275853 
18.264381 
-7.665006 
-19.159419 
1.098659 
Starting priors:
376.584050 
412.212184 
168.527968 
190.945456 

 Likelihood value is -6913.537174 
code 2.000000 

 Estimated parameters are:
1.333333
-0.416667
1.333333
-0.416667
1584616.707753
0.000000
2132.405167
209329195.113219
0.000000
NaN
NaN
NaN
NaN
NaN
NaN
NaN
NaN
NaN
Pre-transformed estimate are:
1.000000
5.000000
1.000000
5.000000
-14.275853
18.264381
-7.665006
-19.159419
1.098659
