0.009129
-0.013996
-0.017683
0.026499
0.019335
-0.025084
0.025786
-0.062294
-0.002432
0.039480
0.045234
0.061242
0.026515
0.025215
0.003835
0.018959
-0.029270
0.032271
0.019432
-0.019882
0.027929
0.038593
0.003220
-0.038612
0.016139
-0.005878
-0.063973
-0.089914
-0.085381
0.061623
0.015169
-0.049408
0.004433
0.096725
0.013402
0.047960
-0.029276
0.034850
0.047380
0.014225
-0.020405
-0.003466
0.047598
-0.011096
0.031709
-0.010595
0.024150
0.026570
0.009817
0.015053
0.006059
0.011387
0.016291
0.018075
-0.016363
0.028313
0.008045
-0.005198
0.003901
0.032619
-0.001486
-0.014632
0.033666
-0.007773
-0.049854
0.013344
0.022272
0.031505
0.026978
-0.008803
0.008911
0.004857
-0.018034
-0.022057
0.020301
-0.055661
-0.016270
-0.013544
-0.080940
-0.007029
0.046449
0.003112
-0.001493
0.075272
0.001961
0.038653
0.041372
-0.053866
0.017361
0.044346
-0.011784
0.032259
-0.035897
0.007475
0.025937
-0.044838
-0.031721
0.009356
0.077413
0.012440
0.009079
-0.018650
0.011394
0.037815
0.007182
0.046850
-0.042507
-0.008218
-0.048533
0.033864
0.021248
-0.002221
-0.057181
-0.062065
0.039292
-0.025342
0.042058
-0.034676
-0.018831
-0.079554
0.051352
0.001451
-0.094842
-0.062904
-0.051328
0.070733
0.043499
0.033533
-0.012534
0.046356
0.055213
0.039680
0.009033
0.036135
0.035645
-0.042447
-0.009378
-0.032121
0.035459
-0.006992
-0.042692
-0.002550
0.082666
0.017959
0.024988
0.005894
0.004375
0.017127
-0.022062
0.002331
0.033874
-0.004873
0.009274
0.044608
0.011759
-0.017259
-0.038211
-0.001434
-0.041656
-0.019064
-0.006596
0.037278
-0.037374
0.039313
-0.001292
-0.120881
0.016434
-0.010097
-0.003631
-0.023555
-0.039834
-0.034127
-0.014774
-0.080983
-0.094617
-0.127078
0.151043
-0.054646
-0.020357
0.115836
0.058161
0.021462
0.046182
0.043156
0.043368
-0.070051
-0.021296
-0.035260
0.059818
0.024408
-0.011575
0.111815
-0.011467
0.030228
-0.011056
-0.014469
0.040111
-0.008088
-0.005137
0.022389
-0.022486
-0.007805
0.051166
-0.051852
-0.021898
-0.014125
0.000203
-0.023850
0.044361
-0.016355
-0.021267
-0.002483
-0.044376
0.026608
0.002843
-0.063488
-0.025074
0.024625
0.081964
0.004225
-0.017742
0.052507
0.025593
-0.007288
-0.096042
0.016503
0.014779
0.038977
-0.037209
0.053684
0.001672
-0.026689
0.037927
0.008707
0.051717
0.000000
-0.071073
0.041741
0.016628
0.056025
-0.004389
-0.107357
0.040316
0.045519
0.026611
0.063011
0.005818
0.024856
0.015894
0.097469
-0.034461
-0.046822
0.013189
0.035399
-0.023735
-0.001658
-0.010463
-0.002213
-0.064111
-0.055335
0.047978
0.035937
-0.030537
-0.017700
-0.062459
-0.010219
0.039234
-0.039949
-0.020498
-0.023259
0.109730
0.007586
0.104762
0.035339
0.015117
0.032597
0.018817
0.032559
0.072308
-0.012484
0.031818
-0.030772
0.011255
0.010107
-0.015291
0.017276
-0.008873
-0.009259
-0.039634
0.013408
0.005451
-0.061191
0.017318
-0.016588
0.101050
-0.003486
-6.02E-05
-0.015228
0.022128
0.071469
0.008592
-0.002874
-0.004605
0.052641
0.012061
-0.004859
-0.012067
-0.035341
0.041630
0.063033
0.044075
0.002364
0.069050
0.051448
-0.014249
0.049009
0.014011
-0.060475
0.068773
-0.089311
0.053284
0.021250
-0.028696
0.123780
0.036258
0.026048
-0.011516
0.006016
0.046802
0.047097
0.034362
-0.024463
-0.245428
-0.089213
0.070329
0.039636
0.040967
-0.033912
0.009381
0.003171
0.042347
-0.005426
-0.039365
0.038960
0.025633
-0.019072
0.014581
0.068700
-0.029371
0.020592
0.048876
0.034534
-0.007956
0.084681
0.015397
-0.006566
-0.025498
0.016406
0.021191
-0.071300
0.008503
0.023966
-0.027255
0.088001
-0.008926
-0.005237
-0.099063
-0.052541
-0.006721
0.058207
0.024525
0.040679
0.065114
0.021960
0.000320
0.037878
-0.049078
0.043882
0.019458
-0.019329
0.011765
-0.044897
0.105790
-0.020125
0.009544
-0.022074
0.027511
0.000964
-0.017511
0.038618
-0.024290
0.009064
0.002104
0.029813
0.010057
0.007021
0.010429
0.018525
-0.025745
0.022463
0.000755
-0.005341
0.033852
-0.010038
0.019207
-0.012995
0.010041
0.031984
-0.030506
-0.046826
0.011465
0.012321
-0.027156
0.031004
0.036909
-0.027245
0.020620
-0.040306
0.012224
0.023988
0.035439
0.026962
0.027577
0.035668
0.021055
0.031282
-0.000320
0.039314
-0.004992
0.040229
0.017293
0.032097
0.006910
0.007885
0.013342
0.022596
0.002254
-0.046828
0.018639
0.052785
0.025766
0.070809
-0.021740
0.059511
0.005910
-0.043549
0.056764
0.056925
0.042535
0.075243
-0.059183
0.051789
-0.035086
0.043621
0.015609
0.010099
0.068078
0.048738
0.009036
-0.019006
0.038680
-0.011683
-0.157586
0.060526
0.077233
0.057444
0.054844
0.040191
-0.032815
0.038061
0.037242
-0.025287
0.053008
-0.032571
-0.006274
-0.028967
0.060662
0.018882
0.056233
-0.052245
-0.020313
0.092324
-0.031280
-0.022159
0.023652
-0.016476
0.058928
-0.054966
-0.004962
-0.083456
0.004045
0.034050
-0.096831
-0.066359
0.074007
0.005077
-0.025354
-0.010798
-0.066256
-0.085257
0.017937
0.072484
0.007545
-0.015696
-0.020985
0.036080
-0.063385
-0.009123
-0.075214
-0.082300
0.004870
-0.116561
0.082914
0.055501
-0.062229
-0.027797
-0.017150
0.008323
0.077927
0.049646
0.011259
0.016094
0.017715
-0.012016
0.053504
0.007103
0.049519
0.017129
0.012135
-0.016494
-0.016933
0.012011
0.017829
-0.034892
0.002285
0.009320
0.013917
0.037869
0.031942
-0.025616
0.018727
-0.019303
-0.020314
0.029512
-0.000143
0.035336
-0.011285
0.006925
-0.017900
0.034581
-0.000953
0.025148
0.000453
0.011035
0.012082
-0.031405
8.66E-05
0.005073
0.021051
0.024269
0.031022
0.016333
0.012537
0.013961
-0.022088
0.009930
0.042380
0.032031
-0.017977
-0.032505
0.012782
0.035168
0.014714
-0.045043
-0.008666
-0.063114
-0.035380
-0.005977
0.046451
0.010618
-0.089884
-0.009908
0.012117
-0.095181
-0.185636
-0.077798
0.007791
-0.089550
-0.116457
0.081953
0.089772
0.051721
0.000196
0.071522
0.033009
0.035100
-0.019960
0.055779
0.017615
-0.037675
0.028115
0.057133
0.014651
-0.085532
-0.055388
0.066516
-0.048612
0.083928
0.036193
-0.002293
0.063257
0.022393
0.031457
-0.001048
0.028097
-0.013593
-0.018426
-0.021708
-0.058467
-0.074467
0.102307
-0.005071
0.008497
0.042660
0.039787
0.030852
-0.007526
-0.064699
0.038793
0.012519
0.019571
0.023947
-0.019988
0.002843
0.007043
0.049198
0.011000
0.035355
0.017924
0.020550
-0.015113
0.048278
-0.031798
0.029316
0.043630
0.027663
0.023290
-0.036231
0.042213
0.006908
0.006182
0.020812
0.018879
-0.015195
0.036964
0.002164
