      0.93200000      0.088800000 
       1.1461000       0.14470000 
       1.1436000       0.20970000 
       1.4028000      0.032400000 
       2.0626000       0.58410000 
       1.9192000      0.073900000 
       1.8840000       0.29890000 
       1.9412000       0.62890000 
       1.7910000       0.38910000 
       1.6128000       0.12240000 
       1.5075000       0.25930000 
       1.4979000      -0.10020000 
       1.4833000      -0.15430000 
       1.4267000      0.071200000 
       1.4040000       0.14090000 
       1.4311000       0.23940000 
       1.4709000       0.36960000 
       1.7456000       0.50210000 
       1.5004000       0.48690000 
       1.5642000       0.56860000 
       1.4366000       0.45930000 
       1.1986000       0.21150000 
       1.1424000      0.092400000 
       1.6226000       0.38900000 
       1.4366000       0.28010000 
       1.3322000       0.12080000 
       1.4209000       0.17290000 
       1.5739000       0.21540000 
       1.2409000      0.076800000 
       1.2219000      0.014200000 
       1.5526000       0.22310000 
       1.3716000       0.14790000 
       1.3834000      0.066400000 
       1.3212000     -0.038900000 
       1.4086000      0.039800000 
       1.2670000      -0.13530000 
       1.2082000      -0.29320000 
       1.1974000      -0.30400000 
       1.1533000      -0.36510000 
       1.2707000      -0.16590000 
       1.2338000      -0.25570000 
       1.3366000      -0.11510000 
       1.2651000      -0.14900000 
       1.4218000     -0.031500000 
       1.2719000      -0.31860000 
       1.2729000      -0.25580000 
       1.2403000      -0.36910000 
       1.2607000      -0.38000000 
       1.2148000      -0.43720000 
       1.1516000      -0.49600000 
       1.1606000      -0.51450000 
       1.3141000      -0.36880000 
       1.3189000      -0.33950000 
       1.3242000      -0.34550000 
       2.1393000      0.062100000 
       1.9894000      0.053300000 
       1.7061000      -0.15130000 
       1.7139000      -0.14200000 
       2.0402000      0.098200000 
       1.8887000      -0.15370000 
       2.4866000       0.33770000 
       2.8250000       0.72710000 
       3.2147000        1.0555000 
       3.7855000        1.5137000 
       3.2677000        1.0707000 
       3.0552000       0.96120000 
       3.4720000        1.1468000 
       2.8513000       0.38100000 
       2.5591000       0.23650000 
       3.1955000       0.88180000 
       4.2109000        1.5314000 
       3.6434000       0.86310000 
       3.1401000      0.078000000 
       2.4866000      -0.42950000 
       2.3749000      -0.58140000 
       1.8878000      -0.49550000 
       1.9109000      -0.51600000 
       1.7931000      -0.35970000 
       1.7414000      -0.55640000 
       1.4588000      -0.71540000 
       1.8226000      -0.65690000 
       1.9089000      -0.51360000 
       1.7880000      -0.50670000 
       1.9191000      -0.35500000 
       1.6932000      -0.44220000 
       1.7160000      -0.41070000 
       1.7786000      -0.42100000 
       1.5662000      -0.53130000 
       1.5708000      -0.39720000 
       1.6065000      -0.41890000 
       2.2250000      0.012500000 
       2.8123000       0.39370000 
       3.7203000        1.0456000 
       3.3795000       0.69240000 
       4.7142000        1.6214000 
       7.4919000        2.7451000 
       6.2117000        2.4248000 
       4.0888000       0.77600000 
       2.9233000     -0.042400000 
       2.3866000      -0.52430000 
       2.2070000      -0.14470000 
       2.6689000     -0.038300000 
       2.4997000     -0.075000000 
       2.1995000      -0.41980000 
       1.9409000      -0.28380000 
       2.1136000    -0.0030000000 
       3.0365000       0.28230000 
       2.8311000       0.14450000 
       2.3823000      -0.46020000 
       2.6987000      0.019500000 
       2.3587000      -0.28080000 
       2.2010000      -0.25110000 
       2.1044000      -0.16020000 
       2.1365000      -0.42910000 
       2.0564000      -0.16510000 
       1.7752000      -0.14140000 
       1.6763000      -0.29630000 
       1.5855000      -0.34150000 
       1.7863000      -0.26570000 
       2.1368000     -0.021900000 
       2.0791000      -0.25510000 
       2.1735000      0.084700000 
       2.6273000       0.40780000 
       2.6701000       0.55520000 
       2.6599000       0.42290000 
       2.4488000      -0.14490000 
       2.0339000      -0.23680000 
       1.6524000      -0.33360000 
       1.5984000      -0.25390000 
       1.5255000      -0.23540000 
       1.4460000      -0.39020000 
  