Likelihood value is 
-2122.99431022179
code 
4

Estimated parameters are:
0.841450241523416
-0.946158927564338
0.409343353421001
-0.946297509104019
5.12519967432464e-07
2.1881421786976e-05
30.0763048202253
31.4934015120201
54.8623425795724
55.7821742997073
0.203370450087353
-0.0528326234011416
0.115735743538241
0.0151560938267286
0.310356077924678
0.0509793700439067
0.00155718089877538
0.0314802652843557
10.0054369200028
11.4130302069564
19.0631002762505
16.7064754171971
0.168965023400201
0.140001541846963

Pre-transformed estimates are:
5.30716823291589
-17.5731813049407
0.693030977966406
-17.621110181592
14.483926165849
10.7298726013985
-3.40373764646327
-3.42865845521512
-4.00482718564724
-4.02005676685606
6.40482724028124
-2.94711860727328

Starting values:
5.30780888162553
-17.5915707089007
0.664637358859181
-17.621224662289
14.483926165849
10.7298728078604
-11.7646030988544
-3.42897886410356
-12.3158677201718
-15.9937456995249
6.40482912771404
-2.94713470153511

Staring priors:
351.154543883102
311.307076597122
169
20
193
1
-82

