Likelihood value is 
-862.66971365496
code 
4

Estimated parameters are:
0.479808849878712
0.341561521076591
0.47389380891152
0.83647627637676
0.802745725683265
1.35846662010879e-08
1.36269905557509
2.33307307901106
0.581562171266971
1.63456188034552
-0.999999999999998
0.753252743708013
0.00856288432397673
0.0020135670033653
0.0114678931226481
0.0165023902944277
0.220085959066277
0.00241430330549352
0.116341989926618
0.378466029119043
0.129526292624453
0.222891786691188
1.4650435832902e-13
0.100153950815014

Pre-transformed estimates are:
12.3749288758853
0.518744775723113
9.56756410877317
5.11532062652884
0.219717270619322
18.1143241655082
-0.309467332719231
15.6239978782833
0.542037397404025
-0.0724158319723198
-2.33307307901106
1.23123822113079

Starting values:
12.3159409407526
-4.64932786300778
9.55450216308236
7.13445863686502
-6.67603427544236
18.1143241655082
-1.51036183349788
15.6239978782833
-3.37305925786495
-8.57997874729335
-3.14340225420892
-5.01603816635907

Staring priors:
302.042488614436
413.947725232944
105
24
107
3
-68

