Starting values:
-8.399523 
5.844742 
10.816354 
-18.213530 
-15.023034 
15.086851 
8.963072 
0.173109 
Starting priors:
376.584050 
412.212184 
138.422142 
136.782724 

 Likelihood value is -1617.003775 
code 0.000000 

 Estimated parameters are:
-0.893612
0.853902
0.000020
105.706624
4.349982
8.963072
1.000000
0.173109
0.034696
0.023648
0.032083
3.743279
0.381072
1.187165
0.000000
0.104150
Pre-transformed estimate are:
-8.399523
5.844742
10.816354
-4.660668
-1.470172
15.086851
8.963072
0.173109
