Starting values:
1.000000 
5.000000 
1.000000 
5.000000 
-5.277232 
-19.409466 
-2.379096 
-17.343677 
-0.417093 
0.100000 
Starting priors:
376.584050 
412.212184 
188.763687 
119.873675 

 Likelihood value is -2265.572754 
code 0.000000 

 Estimated parameters are:
1.333333
-0.416667
1.333333
-0.416667
195.827059
294.394367
10.795142
37.307479
-0.011180
0.100000
0.058024
0.044539
0.081884
0.062962
1698.244982
2553.552934
6.566212
22.005532
0.121024
0.856838
Pre-transformed estimate are:
1.000000
5.000000
1.000000
5.000000
-5.277232
-5.684920
-2.379096
-3.619131
-0.417093
0.100000
