Starting values:
1.000000 
5.000000 
1.000000 
5.000000 
1.844813 
0.746284 
1.978321 
1.086912 
-0.189950 
0.187899 
Starting priors:
351.154544 
311.307077 
121.549563 
148.530690 

 Likelihood value is -14509.222175 
code 5.000000 

 Estimated parameters are:
1.330308
-0.414158
1.308954
-0.396448
0.175258
0.489432
0.170855
0.447838
-0.336459
0.260027
0.001729
0.002388
0.001450
0.001623
0.002479
0.000000
0.001929
0.000036
0.000082
0.001192
Pre-transformed estimate are:
0.988117
4.998686
0.908007
4.990222
1.741494
0.714511
1.766937
0.863394
-0.150679
0.260027
