377.44,-0.85264,412.06,-0.77838,0.857,-0.18579
377.33,-0.74285,411.19,0.53448,-0.12471,0.35755
377.86,-0.58025,410.93,0.71764,0.58399,-0.29455
376.54,-0.65004,413.76,-0.18113,-1.4762,2.0656
377.31,-0.49511,414.37,0.81423,0.83995,0.52204
377.65,-0.37641,413.49,1.6916,0.38583,-0.738
378.46,-0.26837,415.58,1.4851,0.85821,1.9446
377.78,-0.2783,414.51,2.1412,-0.72672,-1.0596
379.02,-0.14904,416.58,2.0691,1.3279,2.1486
379.42,-0.091697,416.99,2.6706,0.42645,0.44149
380.03,-0.030074,417.79,3.0781,0.65868,0.90472
379.24,-0.14367,420,3.9463,-0.90505,2.7777
379.62,-0.073029,419.14,4.9475,0.43495,-1.1369
380.03,-0.027783,419.55,4.8953,0.43535,0.50146
380.02,-0.024287,419.62,4.655,-0.0053381,0.094175
378.79,-0.14457,419.55,4.3498,-1.3549,0.080611
379.79,-0.020657,419.33,3.7036,1.1114,-0.48564
380.2,0.018708,419.73,2.9701,0.44,0.52847
379.97,0.02434,418.54,1.8114,-0.22204,-1.7882
378.16,-0.19508,419.64,1.5397,-2.031,2.0911
378.16,-0.19262,420.25,2.229,-0.019323,0.97301
378.53,-0.11374,419.8,2.3437,0.42846,-0.81868
379.35,-0.023183,420.25,2.1591,0.88611,0.56183
377.65,-0.1468,418.67,1.2763,-1.8245,-2.2642
378.27,-0.07533,418.97,0.33836,0.66913,0.37481
378.92,-0.049682,420.8,0.94861,0.66795,2.9892
379.76,0.010952,421.91,2.4268,0.89353,1.7311
379.58,-0.02981,422.59,4.0262,-0.22479,1.2621
381.22,0.11449,423.53,5.2669,1.7792,1.2405
382.45,0.19835,424.59,6.3152,1.327,1.5715
383.49,0.24477,425.73,7.3738,1.1087,1.7766
383.35,0.16887,426.57,8.5008,-0.1827,1.5767
384.94,0.29052,427.15,8.904,1.7397,0.62342
386.34,0.36364,428.28,9.1078,1.5119,1.686
386.79,0.32901,429.26,9.5198,0.46636,1.69
385.91,0.16103,430.04,10.302,-0.99945,1.73
387.09,0.23668,430.63,10.539,1.2839,0.76146
388.45,0.32292,431.41,10.285,1.4754,1.0548
389.62,0.37226,432.33,9.9776,1.2645,1.391
389.28,0.30591,431.75,8.8347,-0.35489,-0.99257
388.76,0.21433,431.5,7.2844,-0.56643,-0.31307
389.76,0.23853,432.84,6.6997,1.0505,2.2613
390.34,0.26376,432.94,6.0927,0.63833,0.010614
388.34,0.02525,432.66,5.6225,-2.202,0.072821
387.78,-0.036783,432.4,4.9589,-0.6073,-0.31157
386.62,-0.12851,431.62,3.8041,-1.2532,-1.1426
386.43,-0.1459,431.95,3.0536,-0.22488,0.69331
385.65,-0.20997,431.97,2.7598,-0.86375,0.29353
385.8,-0.14763,431.45,1.9133,0.1844,-1.0644
385.57,-0.12931,430.91,0.64912,-0.23472,-0.97191
386.72,-0.019985,431.8,0.15268,1.2443,1.3519
385.01,-0.20924,432.15,0.89649,-1.9072,1.2486
386.14,-0.06302,432.05,1.0858,1.2486,-0.55613
387.08,0.040808,432.35,0.97393,1.033,0.27263
387.84,0.10602,432.73,0.95948,0.83212,0.49855
386.92,-0.0036529,432.67,1.176,-1.0257,0.18648
387.49,0.049321,432.8,1.2205,0.62772,0.058657
387.87,0.079106,432.96,1.1837,0.4191,0.20258
389,0.17822,433.28,1.0252,1.2422,0.24699
390.51,0.29259,433.94,0.99767,1.6411,0.80958
392.18,0.41427,434.46,0.9305,1.8284,0.47143
394.54,0.58354,435.23,0.80832,2.5859,0.75076
397.55,0.78888,436.31,0.75265,3.2932,1.1216
397.17,0.61381,437.11,1.6319,-0.45634,1.7075
398.46,0.62242,438.09,2.8595,1.395,1.5184
400.71,0.74636,438.88,3.6095,2.4617,0.80133
402.77,0.82825,439.88,4.1492,2.2436,1.3037
401.93,0.60474,440.41,5.0977,-0.95202,1.3192
403.95,0.70397,441.04,5.4926,2.2132,0.58354
405.32,0.72508,441.83,5.6748,1.4843,1.1098
404.96,0.56279,442.44,6.2099,-0.41728,1.3219
404.9,0.45266,442.93,6.8052,-0.088587,0.99234
405.92,0.46705,443.66,7.2066,1.1037,1.1018
406.63,0.44264,444.59,7.7402,0.75009,1.6075
407.18,0.40668,445.42,8.3565,0.57386,1.4563
406.47,0.25697,445.84,8.9841,-0.79399,1.0765
407.13,0.28394,445.89,8.7373,0.72401,-0.12778
407.8,0.28724,446.69,8.4704,0.7168,1.3514
408.62,0.30928,447.35,8.2568,0.88145,1.0469
408.97,0.30158,447.39,7.5849,0.37724,-0.035145
409.46,0.30538,447.57,6.615,0.54222,0.17977
409.79,0.31345,447.13,5.0225,0.37446,-0.96104
410.41,0.34571,446.9,3.0901,0.70371,-0.66982
410.46,0.29977,446.99,1.6331,0.04737,0.16759
411.4,0.33773,447.5,0.83005,1.0258,0.69585
411.73,0.33208,447.37,0.10392,0.37137,-0.37971
412.65,0.38692,447.27,-0.82387,1.0161,-0.50839
411.96,0.26383,447.2,-1.2789,-0.75473,0.10022
411.69,0.21128,446.73,-1.8034,-0.28328,-0.85192
412.01,0.22296,446.47,-2.4663,0.35601,-0.60529
412.18,0.21077,446.47,-2.8563,0.19276,-0.058156
411.16,0.088377,446.04,-2.9926,-1.1091,-0.52089
411.47,0.11069,445.87,-3.1699,0.34341,-0.43559
412.22,0.167,446.13,-3.1217,0.827,0.26737
413.12,0.23747,446.23,-3.0549,0.98773,-0.10056
412.56,0.15821,445.91,-2.9643,-0.61217,-0.43997
412.86,0.17067,445.8,-2.9571,0.34704,-0.33028
413.17,0.18803,445.58,-3.1187,0.34448,-0.53917
414.2,0.2682,445.71,-3.3056,1.1413,-0.093294
413.51,0.17128,445.37,-3.3304,-0.76067,-0.43224
414.24,0.22725,445.26,-3.5049,0.82299,-0.47353
415.28,0.29656,445.56,-3.5056,1.1331,0.25363
416.16,0.3487,445.64,-3.467,0.97535,-0.13263
416.34,0.32571,445.5,-3.4388,0.20235,-0.3298
416.94,0.34833,445.36,-3.5709,0.66479,-0.48587
417.26,0.33398,445.38,-3.5778,0.35577,-0.069622
417.71,0.33837,445.29,-3.5797,0.50719,-0.31552
417.06,0.22605,445.16,-3.3005,-0.72013,-0.048083
417.23,0.20488,445.27,-2.8239,0.18963,0.16385
417.82,0.22862,445.53,-2.2498,0.64296,0.32093
418.14,0.21782,445.89,-1.4677,0.33665,0.59256
417.63,0.11936,446.22,-0.30717,-0.58057,0.82892
418.76,0.21044,446.46,0.43651,1.2398,0.11286
419.34,0.22545,447.04,1.206,0.63056,0.9408
420.34,0.27597,447.7,2.0275,1.08,0.97544
420.25,0.2166,448.03,2.8557,-0.11202,0.69343
421.1,0.25869,448.46,3.4032,0.92414,0.56468
422.09,0.30005,449.24,3.9869,1.0651,1.2185
423.08,0.3344,450.04,4.662,1.0605,1.2543
423.53,0.31047,450.75,5.4426,0.47978,1.2616
423.86,0.27568,451.41,6.2391,0.33279,1.1905
424.82,0.31041,452.17,6.8699,1.0422,1.1824
425.41,0.29457,453.11,7.6427,0.61068,1.6844
425.08,0.19725,453.64,8.4303,-0.3837,1.1614
426.79,0.32404,454.29,8.5594,1.8635,0.71154
429.24,0.48773,455.82,8.7537,2.6601,2.2143
430.32,0.49145,457.1,9.3903,1.1457,2.1871
431.14,0.47704,457.97,9.9736,0.87354,1.4446
432.67,0.5328,459.05,10.346,1.6571,1.6188
434.32,0.58028,460.51,10.915,1.7669,2.3652
436.17,0.6497,461.79,11.414,1.9996,1.9176
437.3,0.65036,462.63,11.562,1.2233,1.2745
440.56,0.84151,464.37,11.595,3.5401,2.362
442.02,0.82089,466.09,12.23,1.5541,2.9383
443.16,0.75534,467.96,13.58,1.1847,3.3134
443.72,0.66172,469.15,14.878,0.57988,2.1886
445.12,0.66187,470.56,15.83,1.4967,2.3237
446.31,0.62364,472.48,17.06,1.2453,3.4016
448.1,0.65586,474.31,18.263,1.9055,3.0396
448.44,0.531,476.19,19.809,0.31603,3.607
449.78,0.53833,477.66,20.865,1.4172,2.4744
451.09,0.54349,479.25,21.456,1.3957,2.7064
452.01,0.49884,480.99,22.049,0.94698,3.1617
453.28,0.51942,482.14,21.973,1.3637,1.8534
454.39,0.57086,482.03,20.094,1.242,-0.59759
455.54,0.58099,482.93,17.871,1.2344,1.4068
456.33,0.52061,484.61,16.774,0.81024,3.0611
456.58,0.48264,484.31,14.946,0.28283,-0.67923
457.53,0.55691,483.22,11.251,1.0989,-2.475
458.16,0.5422,483.39,7.7266,0.68821,0.13121
458.58,0.5302,482.86,4.3436,0.48325,-1.1885
458.6,0.50844,481.52,0.43449,0.074753,-2.6671
457.48,0.40339,479.23,-4.2768,-1.1526,-4.1696
457.86,0.43276,477.94,-8.8376,0.46969,-2.6744
456.14,0.19514,477.78,-11.004,-1.9024,0.25023
455.85,0.16952,476.7,-12.413,-0.27757,-2.0506
456.33,0.20987,476.35,-13.187,0.54598,-0.85346
457,0.26068,476.17,-13.256,0.75374,-0.57162
456.84,0.22165,475.81,-12.756,-0.17202,-0.6646
455.42,0.075809,474.79,-12.151,-1.5325,-1.5412
454.14,-0.026752,473.49,-11.94,-1.3609,-2.1581
452.73,-0.11683,471.89,-12.336,-1.5043,-2.7092
451.9,-0.15694,470.96,-12.68,-0.8832,-1.5591
450.74,-0.20241,469.43,-13.305,-1.229,-2.6567
449.46,-0.25979,468.05,-14.017,-1.362,-2.3071
448.3,-0.3379,467.75,-13.654,-1.2742,-0.20638
447.41,-0.36258,467.08,-12.802,-0.95596,-1.0343
445.99,-0.43582,466.31,-11.759,-1.5488,-1.0442
444.77,-0.50301,466.2,-10.085,-1.3446,0.1782
443.95,-0.51541,466.03,-8.156,-0.89528,-0.062568
443.46,-0.49849,466.09,-6.1371,-0.54764,0.29158
442.42,-0.53586,466,-4.1352,-1.1491,0.16961
441.7,-0.54364,466.13,-2.1772,-0.79946,0.49958
441.42,-0.50624,466.36,-0.39815,-0.31908,0.54882
440.93,-0.50361,466.82,1.4287,-0.56017,1.0705
439.85,-0.52808,466.28,2.4525,-1.177,-0.71721
439.43,-0.48006,465.76,2.4695,-0.44492,-0.8825
438.94,-0.48874,466.44,3.0148,-0.56673,1.508
438.35,-0.5184,467.34,4.4619,-0.69354,1.9885
437.03,-0.59629,467.59,6.0249,-1.4614,0.91874
436.83,-0.52235,467.2,6.4262,-0.20827,-0.69378
436.32,-0.52479,467.84,6.9119,-0.58694,1.4373
435.82,-0.53639,468.67,7.9295,-0.5869,1.8129
435.18,-0.54203,468.99,8.798,-0.72033,0.84071
435.58,-0.42458,469.02,8.7434,0.44094,-0.074885
436.14,-0.33869,470.01,8.8423,0.57851,1.7758
436,-0.33373,470.83,9.3668,-0.17842,1.6768
435.39,-0.36126,471.06,9.6982,-0.68991,0.6525
435.48,-0.32542,471.69,9.9131,0.079234,1.22
435.35,-0.32222,472.47,10.323,-0.17579,1.593
435.45,-0.29596,473.26,10.82,0.083773,1.5352
434.49,-0.36944,473.6,11.228,-1.0786,0.9945
433.98,-0.38095,473.76,11.184,-0.5714,0.49104
433.71,-0.37717,474.31,11.076,-0.31523,1.1851
433.33,-0.39102,475.01,11.207,-0.44747,1.4988
432.22,-0.46691,475.29,11.371,-1.2471,0.93489
432.29,-0.404,475.49,11.004,0.070395,0.36773
