376.58,-3.0939e-08,411.96,-0.677,0,-1.2104
376.58,3.9633e-07,412.28,-0.5524,-2.3112e-08,0.15422
377.28,-1.5778e-06,412.69,-1.0478,0.69204,-0.36722
375.89,5.3587e-06,412.91,0.67167,-1.3889,1.6484
376.82,3.8682e-06,413.77,1.4149,0.92808,1.3243
377.28,-2.1343e-07,414.13,1.0509,0.46083,-0.27289
378.19,3.2232e-06,415.05,2.0199,0.91534,1.6108
377.51,-2.7628e-07,414.97,1.6815,-0.68571,-0.68673
378.87,3.0389e-06,416.05,2.597,1.3668,1.7246
379.32,2.2634e-06,416.63,3.0257,0.45147,0.74807
380,2.3647e-06,417.33,3.5404,0.6734,0.94904
379.1,8.9083e-06,417.95,5.9968,-0.89888,2.815
379.55,1.5284e-06,418.35,5.7412,0.45046,-0.098906
380,2.2346e-07,418.79,5.655,0.44843,0.11459
380,-1.038e-06,418.99,5.2911,1.6693e-07,-0.41746
378.65,-4.9582e-07,418.72,5.1868,-1.3514,-0.62183
379.77,-4.2207e-06,419.1,3.9286,1.1274,-1.1173
380.22,-3.0815e-06,419.4,3.3007,0.44742,-0.59162
380,-7.3886e-06,419.05,1.3018,-0.22347,-2.6088
377.96,1.7015e-06,418.82,2.3619,-2.034,0.55971
377.96,3.1284e-06,419.32,3.1543,1.2711e-06,1.029
378.42,-1.2491e-06,419.62,2.5225,0.45558,-0.59855
379.32,-1.2564e-06,420.18,2.2242,0.90498,-0.0018029
377.51,-5.5901e-06,419.32,0.62931,-1.8182,-2.7277
378.19,-4.5096e-06,419.62,-0.30305,0.68571,-0.91018
378.87,3.7852e-06,420.57,1.1766,0.68104,2.1472
379.77,6.0955e-06,421.62,2.7108,0.90091,2.3148
379.55,7.0736e-06,422.27,4.3538,-0.22446,2.0211
381.33,4.9969e-06,423.51,5.2886,1.7818,1.9259
382.65,4.777e-06,424.6,6.3095,1.3158,1.8586
383.73,5.2103e-06,425.63,7.471,1.0834,1.9535
383.51,6.0866e-06,426.21,8.8559,-0.21575,1.7335
385.23,1.7716e-06,427.19,8.8678,1.7131,0.76399
386.7,1.8278e-06,428.16,9.2249,1.4753,1.1079
387.12,3.0915e-06,428.82,9.956,0.41754,1.1673
386.07,5.402e-06,429.06,11.282,-1.0471,1.349
387.33,1.6947e-06,429.86,11.307,1.2553,0.62014
388.77,-2.4667e-07,430.66,11.03,1.4448,0.31216
390,-2.6741e-07,431.41,10.896,1.222,0.40368
389.59,-4.7071e-06,431.16,9.4258,-0.40568,-1.9293
388.98,-5.8515e-06,430.83,7.9584,-0.61163,-2.0186
390,-1.1553e-06,431.54,8.0044,1.0173,0.52505
390.6,-2.8503e-06,431.86,7.18,0.60545,-0.7368
388.36,-1.014e-06,431.23,7.0446,-2.2381,-0.99427
387.74,-2.6373e-06,431.08,6.2794,-0.6192,-1.1521
386.49,-5.0799e-06,430.52,4.905,-1.25,-2.1758
386.28,-2.8383e-06,430.6,4.4034,-0.20987,-0.6751
385.44,-1.2215e-06,430.51,4.2224,-0.84389,-0.52477
385.65,-4.783e-06,430.52,2.8415,0.21164,-1.6227
385.44,-6.4033e-06,430.31,1.2514,-0.21164,-2.064
386.7,-2.6304e-06,431.01,0.93733,1.2632,0.11268
384.8,3.4565e-06,430.87,2.1794,-1.9008,0.82239
386.07,-9.0108e-07,431.51,1.6273,1.2712,-0.17581
387.12,-1.5403e-06,432.1,1.219,1.0471,-0.087584
387.95,-1.0048e-06,432.67,1.0246,0.82988,0.092657
386.91,5.0848e-07,432.6,1.2491,-1.0384,-0.11864
387.54,-7.9068e-07,433.05,0.96213,0.62435,-0.10438
387.95,-1.01e-06,433.44,0.71008,0.41408,-0.14559
389.18,-1.8478e-06,434.08,0.22212,1.232,-0.12141
390.8,-1.2133e-06,434.94,-0.0058036,1.6195,0.35416
392.59,-1.7162e-06,435.82,-0.43383,1.7911,0.16883
395.12,-2.0855e-06,436.97,-0.93275,2.5318,0.36859
398.34,-1.9438e-06,438.42,-1.3571,3.2169,0.72843
397.78,3.7302e-06,438.8,-0.064614,-0.56023,1.3891
399.08,4.6599e-06,439.89,1.0661,1.3023,1.9307
401.46,2.0209e-06,441.17,1.3154,2.3745,1.2575
403.6,1.6292e-06,442.38,1.647,2.1429,1.2713
402.54,4.6702e-06,442.57,2.9326,-1.0657,1.2035
404.66,9.9736e-07,443.68,2.8574,2.1202,0.76588
406.04,6.7627e-07,444.54,2.9679,1.3889,0.70936
405.53,3.0177e-06,444.83,3.816,-0.51858,0.88103
405.35,3.1169e-06,445.23,4.5086,-0.17346,0.82909
406.39,2.0168e-06,446.01,4.8537,1.0363,0.87703
407.07,2.9869e-06,446.75,5.5775,0.68494,1.2146
407.58,3.3695e-06,447.44,6.3387,0.51064,1.1981
406.73,3.8653e-06,447.61,7.2169,-0.85252,0.81276
407.41,-8.7226e-07,448.02,6.6049,0.6826,-0.43631
408.09,-1.6135e-07,448.58,6.5798,0.67797,0.28995
408.93,-3.5061e-07,449.17,6.4422,0.84105,0.21351
409.27,-2.7219e-06,449.38,5.5953,0.33445,-0.87223
409.77,-3.9363e-06,449.61,4.5658,0.49958,-1.0415
410.1,-7.3063e-06,449.55,2.6061,0.33167,-2.2756
410.76,-8.9036e-06,449.56,0.43062,0.66006,-2.4301
410.76,-6.5635e-06,449.52,-0.89152,-6.6514e-06,-1.644
411.74,-4.2e-06,450,-1.6631,0.982,-0.58121
412.07,-4.4281e-06,450.15,-2.6829,0.3252,-1.1552
413.04,-5.6113e-06,450.48,-4.041,0.96931,-1.3304
412.23,-2.7559e-06,450.35,-4.4241,-0.80711,-0.8279
411.9,-3.7999e-06,450.27,-5.3462,-0.32468,-1.3112
412.23,-4.5301e-06,450.41,-6.4055,0.32467,-1.2329
412.39,-3.1858e-06,450.61,-6.9892,0.16194,-0.71399
411.25,-1.9824e-06,450.35,-7.3045,-1.1392,-0.8978
411.58,-2.6117e-06,450.6,-7.9044,0.3268,-0.67582
412.39,-1.5625e-06,451.14,-8.1295,0.81235,-0.02355
413.36,-1.8365e-06,451.7,-8.519,0.96619,-0.1686
412.71,-1.2787e-06,451.66,-8.7134,-0.64309,-0.56402
413.04,-1.8272e-06,451.96,-9.1185,0.32206,-0.4464
413.36,-2.6937e-06,452.21,-9.7448,0.32103,-0.7243
414.47,-2.899e-06,452.76,-10.363,1.1155,-0.40571
413.68,-1.7728e-06,452.66,-10.615,-0.79555,-0.71007
414.47,-2.9511e-06,453.07,-11.315,0.79555,-0.64061
415.58,-2.0314e-06,453.69,-11.637,1.1032,-0.054909
416.51,-2.1059e-06,454.22,-12.051,0.93604,-0.23795
416.67,-1.9232e-06,454.46,-12.4,0.15516,-0.46904
417.28,-2.8046e-06,454.82,-13.033,0.61824,-0.64014
417.59,-1.9592e-06,455.13,-13.333,0.30769,-0.35522
418.05,-2.1609e-06,455.47,-13.759,0.45977,-0.45369
417.28,-3.4909e-07,455.47,-13.608,-0.76747,-0.22731
417.44,3.2348e-07,455.84,-13.392,0.15396,0.21773
418.05,6.6818e-07,456.41,-13.124,0.6135,0.4655
418.36,1.8627e-06,456.93,-12.516,0.30534,0.76622
417.75,4.0632e-06,457.24,-11.325,-0.61162,1.1285
418.97,1.4299e-06,458.03,-11.127,1.2195,0.63421
419.57,2.3286e-06,458.69,-10.447,0.60423,0.98823
420.62,2.4706e-06,459.52,-9.7979,1.0487,1.131
420.47,2.9211e-06,459.91,-9.0244,-0.14914,0.81672
421.36,1.4799e-06,460.6,-8.7364,0.89154,0.6341
422.39,1.9981e-06,461.41,-8.1774,1.0302,1.0253
423.41,2.4352e-06,462.23,-7.5272,1.0197,1.1379
423.84,3.2162e-06,462.87,-6.6737,0.43384,1.1625
424.13,3.4674e-06,463.46,-5.8089,0.28819,1.1255
425.13,2.6465e-06,464.26,-5.2234,1.0022,1.0698
425.7,3.765e-06,464.99,-4.2309,0.56819,1.4044
425.28,4.0372e-06,465.32,-3.2479,-0.42583,1.0083
427.11,3.6271e-07,466.28,-3.4307,1.8323,0.47143
429.73,1.106e-06,467.67,-3.094,2.619,1.4195
430.81,3.4057e-06,468.6,-2.1049,1.0826,1.6188
431.62,3.0553e-06,469.36,-1.4111,0.8043,1.1536
433.2,2.1602e-06,470.36,-0.97159,1.5894,1.1557
434.9,3.3832e-06,471.51,-0.085285,1.6939,1.7495
436.82,2.7908e-06,472.69,0.51566,1.9194,1.4947
437.95,1.3765e-06,473.47,0.72041,1.1342,0.70292
441.4,7.0215e-07,475.14,0.82559,3.4486,1.4948
442.84,4.1566e-06,476.27,2.0558,1.4423,2.0859
443.91,7.6654e-06,477.44,4.0969,1.0683,2.943
444.38,7.3313e-06,478.29,5.7455,0.47115,2.2418
445.78,5.9522e-06,479.41,6.9815,1.4003,2.1145
446.94,7.9453e-06,480.6,8.9379,1.1521,2.9096
448.75,7.5065e-06,481.98,10.589,1.8162,2.8119
448.98,1.0089e-05,482.93,13.067,0.22472,3.2113
450.31,7.2816e-06,484.07,14.453,1.3378,2.3308
451.63,5.6966e-06,485.14,15.558,1.3202,1.9903
452.5,6.2069e-06,486.1,16.94,0.87052,2.1604
453.8,2.5978e-06,486.97,17.15,1.2917,0.9012
454.97,-6.2229e-06,487.23,14.895,1.1696,-2.162
456.12,-6.7201e-06,487.61,13.194,1.1561,-1.5062
456.85,-1.4468e-06,488.2,13.187,0.72879,0.38389
457.06,-6.6785e-06,488.12,11.133,0.20725,-2.3251
458.09,-1.5848e-05,487.83,6.6456,1.0299,-4.9924
458.7,-1.4062e-05,487.65,3.4669,0.61286,-3.5913
459.11,-1.4919e-05,487.31,-0.10002,0.40649,-4.1715
459.11,-1.8287e-05,486.58,-4.628,-1.1145e-05,-5.5335
457.88,-2.2545e-05,485.14,-10.191,-1.2245,-7.3149
458.29,-2.2374e-05,484.44,-15.329,0.40982,-6.1945
456.33,-1.0745e-05,483.59,-16.817,-1.9619,-2.7126
456.02,-9.9578e-06,483.25,-18.968,-0.31332,-2.8838
456.54,-7.0699e-06,483.43,-20.266,0.52164,-1.5294
457.26,-4.2656e-06,483.83,-20.908,0.72576,-0.65831
457.06,-1.6051e-06,483.99,-20.936,-0.20683,-0.28215
455.49,-9.624e-07,483.62,-20.973,-1.565,-0.82923
454.12,-2.7849e-06,483.18,-21.631,-1.3764,-1.5117
452.61,-5.5036e-06,482.54,-22.991,-1.5038,-2.4227
451.74,-4.9582e-06,482.24,-23.957,-0.86957,-1.7025
450.53,-6.8216e-06,481.66,-25.543,-1.2081,-2.5991
449.2,-7.0062e-06,481.06,-27.029,-1.3348,-2.5397
447.96,-1.5257e-06,480.87,-26.775,-1.2395,-0.39472
447.05,-1.6734e-07,480.81,-26.532,-0.91117,-0.27595
445.55,1.0378e-06,480.57,-26.02,-1.4986,-0.17911
444.27,4.4949e-06,480.64,-24.524,-1.2858,1.1066
443.44,5.4509e-06,480.88,-23.011,-0.82694,1.3186
442.96,6.2002e-06,481.3,-21.349,-0.47562,1.6506
441.88,6.594e-06,481.5,-19.634,-1.0785,1.4908
441.16,6.822e-06,481.85,-17.889,-0.72551,1.6789
440.92,6.199e-06,482.33,-16.368,-0.24301,1.6097
440.43,7.0437e-06,482.79,-14.542,-0.4878,1.8952
439.32,3.1962e-06,482.73,-14.003,-1.1063,0.10301
438.95,-1.0952e-06,482.74,-14.51,-0.37152,-0.87228
438.45,2.4586e-06,483.01,-13.556,-0.49751,0.84681
437.83,6.4599e-06,483.44,-11.633,-0.62539,1.9792
436.44,6.8687e-06,483.52,-9.9121,-1.3898,1.4477
436.31,1.0053e-06,483.71,-10.077,-0.1273,-0.32935
435.8,2.8211e-06,483.96,-9.2046,-0.51086,0.77715
435.29,5.1929e-06,484.34,-7.7359,-0.51348,1.5053
434.64,4.2168e-06,484.56,-6.7722,-0.64558,0.85227
435.16,-3.9013e-07,484.95,-7.1863,0.5168,-0.35162
435.8,1.228e-06,485.57,-6.7218,0.64226,0.75907
435.67,3.1233e-06,485.99,-5.7925,-0.12812,1.0218
435.03,2.0768e-06,486.1,-5.3496,-0.64309,0.23699
435.16,1.779e-06,486.52,-4.9198,0.12895,0.52879
435.03,2.8844e-06,486.91,-4.1209,-0.12895,0.87727
435.16,3.1645e-06,487.41,-3.3268,0.12895,0.97913
434.12,3.0367e-06,487.43,-2.6003,-1.0363,0.4439
433.6,8.3202e-07,487.51,-2.5632,-0.52219,-0.18156
433.34,8.6608e-07,487.73,-2.3397,-0.26212,0.14659
432.94,2.0061e-06,487.97,-1.7609,-0.39448,0.52576
431.75,2.145e-06,487.89,-1.2328,-1.1929,0.15393
431.88,-8.0106e-07,488.14,-1.6487,0.13325,-0.45972
