376.28,0.30479,410.85,0.42991,-0.30264,-1.7667
376.33,0.25639,410.54,1.1803,-0.055376,-0.80373
377.32,-0.041386,411.71,-0.068394,0.70334,-0.65814
375.66,0.22913,412.58,0.99982,-1.3037,1.6766
376.07,0.74471,413.04,2.1412,0.64382,0.9309
376.83,0.44509,413.3,1.8802,0.31415,-1.7982
377.59,0.59704,413.77,3.2941,1.035,1.0922
376.89,0.61872,414.1,2.5544,-0.94786,-0.96704
378.21,0.66334,414.56,4.0832,1.5764,1.0218
378.19,1.1342,415.01,4.6519,0.1588,0.71734
378.93,1.068,415.37,5.4982,0.64606,-0.37779
377.38,1.7227,415.93,8.0169,-0.99527,2.2496
377.81,1.7396,416.21,7.8811,0.047015,-1.5561
378.77,1.2301,416.5,7.9442,0.62693,-1.3335
378.8,1.1982,416.9,7.3789,0.034038,0.008369
377.69,0.95971,417.26,6.6417,-1.2146,-0.4075
379.09,0.68795,417.62,5.4156,1.2768,-0.49448
379.69,0.53228,418.03,4.6683,0.67142,0.27398
379.99,0.0070051,418.3,2.048,-0.11478,-1.6764
377.97,-0.0022919,418.83,2.3561,-1.5641,1.8558
377.21,0.75076,419.39,3.0891,-0.16197,2.3787
377.93,0.49149,419.67,2.4698,0.3319,-1.5413
379.08,0.24269,420.04,2.363,1.0778,-0.30729
377.83,-0.31985,420.28,-0.33051,-1.8106,-2.2297
378.99,-0.79857,420.67,-1.3606,1.1835,0.075059
378.72,0.15437,421.36,0.38527,0.75358,4.1238
378.79,0.98538,421.88,2.4562,0.51112,1.7739
378.32,1.2271,422.25,4.3661,-0.52526,-0.23697
379.87,1.4655,422.65,6.1527,1.5455,0.0062443
380.91,1.7364,423.05,7.8519,1.0964,0.20525
381.69,2.0351,423.47,9.6261,0.88241,0.3915
381.22,2.2946,423.88,11.186,-0.42564,0.20008
382.95,2.2748,424.22,11.833,1.5546,-0.71899
384.4,2.3052,424.63,12.761,1.4845,0.15676
384.57,2.5538,425.07,13.711,0.33647,0.67325
383.31,2.7622,425.5,14.846,-1.1197,0.54742
384.53,2.8005,425.87,15.299,1.1588,-0.23567
386.1,2.67,426.24,15.451,1.487,-0.3572
387.32,2.6796,426.65,15.65,1.2929,0.32156
387.43,2.155,426.91,13.674,-0.36013,-1.9247
387.58,1.398,427.22,11.569,-0.16125,-1.2322
388.29,1.7086,427.8,11.741,1.3879,2.735
388.73,1.8672,428.22,10.82,0.52727,0.32263
386.98,1.382,428.54,9.739,-2.0077,-1.0205
386.6,1.1385,428.92,8.4369,-0.39848,-0.090737
385.85,0.64382,429.25,6.182,-1.0154,-1.0433
385.82,0.46678,429.7,5.3035,0.18756,0.88495
384.8,0.63572,430.16,4.5677,-0.75316,1.0441
385.41,0.23757,430.48,2.8854,0.3266,-1.1379
385.79,-0.34794,430.79,0.77053,0.091343,-1.1348
386.92,-0.21397,431.31,0.63711,1.5923,1.8572
384.48,0.32546,431.83,1.2141,-1.9718,1.8841
385.82,0.25488,432.17,0.96488,1.1559,-0.74801
387.07,0.046434,432.53,0.79079,1.1302,-0.50516
387.85,0.096682,432.95,0.74342,0.85904,0.31753
386.85,0.066484,433.33,0.51567,-1.037,-0.11406
387.54,-0.0079678,433.71,0.30127,0.66794,-0.12491
388,-0.048048,434.11,0.04116,0.44661,-0.030976
389.27,-0.092059,434.5,-0.19378,1.2709,-0.022493
390.81,-0.0071469,434.92,0.016895,1.6512,0.46563
392.53,0.064663,435.32,0.069723,1.7405,0.082337
395.04,0.083531,435.72,0.326,2.5308,0.068005
398.09,0.25546,436.14,0.91519,3.1743,0.51422
397.2,0.57777,436.6,2.1416,-0.65633,0.90868
398.06,1.0256,437.06,3.894,1.1081,1.0157
400.23,1.2312,437.44,5.0478,2.1183,-0.20607
402.3,1.3012,437.82,6.2117,2.0307,-0.17249
401.04,1.4939,438.23,7.2782,-1.1991,0.23974
403.1,1.5525,438.6,7.9295,2.0061,-0.22555
404.47,1.573,438.99,8.5137,1.3544,-0.058451
403.81,1.7127,439.41,9.2377,-0.55602,0.41078
403.5,1.8518,439.82,9.9118,-0.23869,0.29663
404.42,1.9639,440.23,10.631,0.99082,0.26585
404.9,2.1774,440.67,11.661,0.63327,0.64802
405.18,2.4029,441.1,12.68,0.40676,0.48729
404.26,2.4672,441.48,13.346,-0.93557,-0.074012
405.21,2.2003,441.8,12.826,0.67055,-1.1195
406.01,2.0863,442.21,12.942,0.87073,0.31475
406.7,2.2371,442.65,12.956,0.86161,0.68554
407.32,1.9429,442.98,11.993,0.39633,-0.93178
408.21,1.5535,443.34,10.843,0.74403,-0.58234
409.05,1.0457,443.66,8.5012,0.56063,-1.1185
410.35,0.4078,443.99,5.9988,1.0892,-0.83841
410.58,0.18378,444.43,4.1959,0.39786,0.69612
411.45,0.28838,444.92,3.4185,1.2262,1.3959
411.88,0.18368,445.3,2.1704,0.40509,-0.10007
413.22,-0.1885,445.65,0.78963,1.18,-0.64897
412.54,-0.31403,446.07,-0.14468,-0.59561,0.34537
412.4,-0.50002,446.44,-1.5177,-0.21336,-0.29891
413.03,-0.8032,446.81,-2.801,0.53213,-0.38433
413.26,-0.86564,447.23,-3.611,0.3301,0.42301
412.21,-0.95873,447.61,-4.5687,-1.0642,-0.071069
412.68,-1.1054,448,-5.3002,0.44708,-0.10631
413.41,-1.0236,448.43,-5.4218,0.88222,0.6063
414.33,-0.97127,448.83,-5.6512,0.92795,0.054865
413.86,-1.1464,449.18,-6.2268,-0.63421,-0.6649
414.31,-1.2791,449.55,-6.7102,0.39116,-0.25525
414.76,-1.4013,449.92,-7.4618,0.35295,-0.36208
415.97,-1.4967,450.31,-7.9106,1.1969,-0.057921
415.26,-1.5876,450.68,-8.643,-0.78332,-0.3137
416.22,-1.7507,451.05,-9.3014,0.8688,-0.36102
417.27,-1.6967,451.47,-9.4184,1.1494,0.39948
418.17,-1.6613,451.86,-9.6855,0.88052,-0.082194
418.47,-1.8065,452.21,-10.148,0.15104,-0.59784
419.25,-1.963,452.57,-10.784,0.6447,-0.52148
419.62,-2.0228,452.96,-11.161,0.35281,-0.059325
420.11,-2.0573,453.34,-11.625,0.4463,-0.1928
419.39,-2.1011,453.72,-11.865,-0.75579,-0.12744
419.43,-1.9894,454.14,-11.688,0.12011,0.31158
419.88,-1.8259,454.54,-11.261,0.51055,0.24152
420,-1.6456,454.95,-10.532,0.1766,0.20581
419.13,-1.3872,455.37,-9.4549,-0.78124,0.3566
420.24,-1.2744,455.73,-8.8306,1.0025,-0.41857
420.74,-1.1745,456.12,-7.8767,0.4913,-0.052779
421.53,-0.90844,456.53,-6.8073,0.8601,0.30852
421.26,-0.79037,456.91,-6.0177,-0.34333,-0.30404
422.12,-0.7612,457.27,-5.4096,0.76195,-0.40288
422.98,-0.58715,457.68,-4.4549,0.92532,0.27542
423.74,-0.32766,458.1,-3.3952,0.84488,0.33749
423.98,-0.13239,458.49,-2.299,0.25941,0.082949
424.09,0.043171,458.89,-1.2418,0.11909,0.025705
424.94,0.19899,459.28,-0.24439,0.84658,-0.00030356
425.26,0.44042,459.7,1.0587,0.42704,0.40042
424.66,0.61771,460.09,1.9888,-0.62072,-0.069402
426.55,0.56433,460.44,2.4112,1.725,-0.64506
428.94,0.78775,460.88,3.6931,2.595,0.79336
429.58,1.2273,461.33,5.1631,0.87904,0.94236
430.24,1.3734,461.71,6.2326,0.60808,-0.20123
431.74,1.4681,462.1,7.2891,1.4875,-0.031216
433.1,1.8032,462.55,8.8797,1.5808,0.88533
434.71,2.109,462.97,10.241,1.7109,0.38617
435.87,2.0833,463.32,10.869,0.99972,-0.64189
439.14,2.2562,463.75,12.207,3.4475,0.68152
440.06,2.7809,464.24,14.087,1.2809,1.4502
440.51,3.3977,464.72,16.811,0.84159,1.5577
440.57,3.8123,465.13,18.898,0.12856,0.28793
441.79,3.9909,465.53,20.864,1.2237,0.0064026
442.43,4.5097,466.01,23.532,0.98343,1.3979
443.68,5.0719,466.46,26.11,1.5186,1.0549
443.41,5.57,466.92,29.078,-0.011897,1.045
444.4,5.9158,467.32,31.201,1.0428,0.20157
445.61,6.0257,467.72,32.987,1.2082,-0.0099885
446.18,6.3256,468.16,34.88,0.79704,0.90347
447.43,6.3641,468.54,35.576,1.1882,-0.26165
449.47,5.4941,468.75,33.372,1.2996,-2.9584
451.33,4.7883,469.12,31.68,1.7699,-0.37017
451.7,5.1552,469.7,31.686,1.1086,2.9811
452.26,4.7939,470.02,29.235,0.28011,-1.1529
454.88,3.212,470.17,24.296,1.6344,-3.9061
456.37,2.3315,470.58,20.535,1.5609,0.26779
457.25,1.8563,471,16.203,0.99261,0.44125
458.44,0.66686,471.28,10.674,0.71717,-1.887
458.81,-0.92701,471.51,3.4455,-0.32174,-2.7593
460.42,-2.1322,471.88,-2.7741,1.5375,-0.31164
458.4,-2.0694,472.49,-5.7116,-1.1305,3.5719
458.04,-2.024,472.95,-8.6643,-0.073399,1.1394
458.82,-2.2789,473.37,-10.209,0.89807,0.484
459.35,-2.085,473.84,-10.92,0.84202,1.2368
459.04,-1.9863,474.26,-11.201,-0.2005,0.41936
457.62,-2.1249,474.61,-11.962,-1.598,-0.68252
456.64,-2.5268,474.92,-13.369,-1.3047,-1.316
455.71,-3.0983,475.22,-15.664,-1.339,-1.621
455.19,-3.4448,475.59,-17.313,-0.58011,-0.22664
454.34,-3.8029,475.93,-19.809,-1.087,-0.94408
453.57,-4.3739,476.26,-22.226,-1.0423,-1.1099
452.17,-4.2136,476.74,-22.648,-1.0044,1.5797
450.94,-3.8864,477.18,-22.903,-1.0545,0.73533
449.48,-3.9289,477.54,-22.988,-1.5874,-0.52138
447.87,-3.6098,477.98,-21.872,-1.3909,0.85594
446.59,-3.1524,478.41,-20.536,-1.1492,0.54115
445.8,-2.8366,478.8,-18.848,-0.7812,0.041898
444.43,-2.5442,479.18,-17.314,-1.4269,-0.2212
443.44,-2.2765,479.57,-15.61,-1.0248,-0.12413
442.89,-1.975,479.95,-13.988,-0.5712,-0.10542
442.08,-1.6489,480.35,-12.102,-0.78686,0.10902
441.06,-1.7339,480.64,-11.915,-1.4474,-1.6976
441.21,-2.2622,480.91,-12.679,-0.38356,-2.1546
440.54,-2.0916,481.36,-11.909,-0.40537,1.0485
439.19,-1.3625,481.87,-10.066,-0.86517,1.9531
437.47,-1.0281,482.26,-8.6453,-1.756,-0.12444
437.66,-1.3534,482.52,-8.8921,-0.35282,-2.1959
437.21,-1.4142,482.91,-8.161,-0.44322,0.027681
436.17,-0.88313,483.39,-6.7858,-0.70016,1.3745
435.35,-0.7136,483.76,-5.9712,-0.91059,-0.37934
436.16,-1.0081,484.05,-6.2929,0.39687,-1.653
436.78,-0.97801,484.47,-5.6197,0.70953,0.3871
436.25,-0.58351,484.91,-4.7167,-0.29576,0.90492
435.63,-0.60619,485.26,-4.5082,-0.81056,-0.75686
435.8,-0.64005,485.64,-4.0425,0.10961,-0.21222
435.44,-0.40948,486.07,-3.2743,-0.2253,0.53538
435.36,-0.2011,486.47,-2.3939,-0.012985,0.26489
434.3,-0.17893,486.84,-2.0109,-1.1789,-0.47815
433.97,-0.36702,487.18,-2.2329,-0.56459,-0.91784
433.76,-0.41939,487.57,-2.1789,-0.21386,-0.016052
433.19,-0.24613,487.99,-1.7807,-0.42535,0.56813
431.96,-0.21466,488.37,-1.7139,-1.2757,-0.20291
432.31,-0.43002,488.72,-2.2259,0.12989,-0.87179
