Starting values:
0.397126 
-0.546672 
0.780901 
-0.241568 
1.150820 
0.715269 
0.963270 
1.311350 
-0.217529 
0.255708 
0.100000 
Starting priors:
351.154544 
311.307077 
130.211854 
134.861341 

 Likelihood value is -868.607107 
code 5.000000 

 Estimated parameters are:
0.994724
-0.319705
1.005317
-0.405892
1.547508
0.001897
2.829523
0.920259
-0.927997
0.394739
0.455893
0.000118
31284380978852181049344.000000
0.000000
48037738178206855331840.000000
0.076227
0.001276
0.243132
0.814489
0.147719
0.056832
0.084811
Pre-transformed estimate are:
0.989504
-0.546672
1.010692
-0.241568
-0.436646
6.267268
-0.955414
1.070380
-0.853998
1.116924
0.455893
