Starting values:
0.230857 
-0.097132 
4.117289 
-0.694829 
-10.309605 
-9.725299 
4.310919 
-6.219116 
13.152532 
-8.241844 
0.317099 
0.950222 
Starting priors:
376.584050 
412.212184 
103.444608 
143.874436 
0.800000 
0.200000 

 Likelihood value is -1033.053137 
code 1.000000 

 Estimated parameters are:
0.252961
-0.049146
0.993467
-0.290409
1.022468
0.000004
0.403407
1.542991
1.000000
0.999441
0.282135
0.373626
NaN
NaN
NaN
NaN
NaN
NaN
NaN
NaN
NaN
NaN
NaN
NaN
Pre-transformed estimate are:
0.144794
-0.097132
0.987019
-0.694829
-0.022219
12.415886
4.305814
13.837091
1.542991
0.403182
0.282135
0.373626
