Starting values:
0.906100 
-0.069200 
1.334200 
-0.444100 
0.325280 
0.492200 
0.165254 
1.345500 
0.912110 
0.923914 
0.660000 
Starting priors:
351.154544 
311.307077 
230.259928 
160.597800 
0.500000 
0.500000 
0.117300 
0.058000 

 Likelihood value is -916.782443 
code 0.000000 

 Estimated parameters are:
0.843607
0.196758
1.134102
-0.142902
1.847907
0.726852
4.039205
1.919040
0.440032
0.299840
0.510751
0.022034
0.024228
0.001965
0.000010
0.131523
0.126736
0.376412
0.395332
0.020678
0.119492
0.503866
Pre-transformed estimate are:
0.843607
0.196758
1.134102
-0.142902
1.847907
0.726852
3.853359
1.723264
0.844439
1.211113
0.510751
