Starting values:
0.876400 
-0.019400 
1.540000 
-0.614400 
0.533254 
0.369300 
0.936695 
0.824700 
0.114987 
0.113644 
0.420000 
Starting priors:
376.584050 
412.212184 
215.386018 
164.664802 
0.500000 
0.500000 
-2.000000 
0.021600 

 Likelihood value is -725.430153 
code 0.000000 

 Estimated parameters are:
0.876400
-0.019400
1.540000
-0.614400
0.533254
0.369300
0.943564
0.832678
0.138093
0.120442
0.420000
0.433007
0.419517
0.124188
0.131450
0.025322
0.068974
0.086869
0.170026
0.732496
0.212348
0.164706
Pre-transformed estimate are:
0.876400
-0.019400
1.540000
-0.614400
0.533254
0.369300
0.936695
0.824700
0.114987
0.113644
0.420000
