348.42,0.015583,312.32,1.4441,-2.8453,1.8913
346.76,-1.4394,315.82,-3.2723,-3.1119,-1.7433
345.3,-1.9053,315.15,-4.3334,-1.9009,-2.0829
347.34,-0.4526,313.68,-1.9245,3.5332,0.50871
346.17,-1.1746,314.53,-2.7745,-1.854,-0.74187
345.17,-2.0912,316.78,-4.148,-1.8984,0.42692
343.58,-2.7916,316.13,-5.1828,-2.2182,-2.0906
344.47,-1.3988,311.84,-3.3744,2.3599,-2.9043
343.29,-3.1702,317.72,-5.3057,-2.9258,3.23
343.94,-2.1692,314.45,-4.1668,1.7878,-2.4896
342.1,-3.3213,315.4,-5.3045,-2.9466,-0.85228
340.36,-4.3232,315.64,-6.4473,-2.638,-1.2994
342.11,-4.3512,320.23,-6.2469,1.8508,4.3969
343.63,-4.178,322.95,-5.6437,1.89,2.7006
347.78,-2.4693,325.57,-3.6375,6.0278,3.9534
349.55,-2.9784,332.29,-3.1189,1.3907,6.328
354.38,-2.6286,342.8,-1.885,5.3326,11.126
355.49,-3.1444,347.49,-1.513,0.79125,4.2951
356.19,-5.0352,357.35,-1.7312,-1.0577,9.0797
358.47,-4.0832,358.43,-1.2,3.4828,1.2585
358.73,-4.9248,362.48,-0.95814,-0.43601,3.572
356.42,-5.8662,360.35,-1.5299,-3.0503,-3.1774
357.19,-4.8493,358.09,-1.6758,1.9402,-2.7596
356.2,-4.1556,352.97,-2.0214,-0.1446,-6.137
355.26,-4.4072,351.87,-2.1283,-1.1069,-1.8181
352.17,-5.5932,348.88,-2.5882,-4.142,-3.9416
349.68,-6.2814,345.5,-3.2652,-3.0317,-4.3616
348.61,-5.5345,340.39,-4.388,-0.15093,-6.5862
345.63,-7.1897,339.07,-4.1152,-4.5055,-1.6444
346.8,-6.0123,337.79,-5.1822,2.5729,-2.62
346.45,-5.9992,336.92,-5.2846,-0.14401,-1.7027
345.38,-6.6011,336.23,-5.1442,-1.4855,-1.145
345.38,-6.5986,336.15,-5.4251,0.21178,-0.84797
345.04,-6.2601,334.47,-6.1926,0.21832,-3.0255
343.55,-6.1298,330.99,-7.0871,-1.1761,-4.9986
343.2,-5.7827,329.59,-7.902,0.16174,-2.7911
343.36,-5.9408,330.39,-7.7455,0.17811,0.32316
343.75,-6.3311,332.08,-7.1972,0.20845,1.6329
343.66,-6.5817,332.44,-7.1295,-0.1133,-0.15539
344.7,-6.6046,334.76,-6.9694,1.2442,1.9037
345.36,-7.5967,337.73,-5.1868,-0.094375,4.1071
347.04,-8.2636,342.12,-3.7474,1.3118,5.3137
348.56,-8.1071,345.05,-3.9968,2.0034,2.1097
349.46,-9.0046,347.95,-2.2268,0.29106,4.0135
350.18,-9.0618,349.6,-2.4994,1.0043,0.85515
351.08,-9.6322,352.03,-1.4786,0.6405,2.8603
349.98,-11.201,351.18,0.72114,-2.3115,0.79907
350.5,-10.378,352.13,-1.8788,1.7191,-1.9845
350.57,-11.116,352.89,-0.81684,-0.33169,1.1754
350.38,-10.926,352.96,-2.2251,0.39045,-1.8397
349.89,-10.439,352.56,-4.2825,0.35092,-3.0366
350.62,-8.8488,354.63,-8.3035,2.6508,-2.5748
351.27,-7.8699,356.62,-10.673,1.9119,-1.1898
350.9,-6.218,357.17,-15.001,1.5445,-4.575
350.03,-5.0336,356.78,-18.174,0.48859,-4.4037
351.5,-3.3717,360.98,-21.494,3.2617,0.068084
352.91,-2.0591,365.03,-23.844,2.8606,0.73147
353.7,-0.48164,368.27,-26.926,2.4478,-0.80743
354.67,0.0076593,370.93,-27.24,1.4634,1.3514
355.68,0.99262,374.21,-28.77,2.0144,0.85123
357,1.625,377.7,-29.236,1.9341,2.0725
357.16,3.1221,380.17,-32.049,1.6161,-1.2746
358.1,5.6622,385.31,-36.635,3.3619,-0.42844
358.83,7.7791,389.62,-39.999,2.6676,-0.19232
360.07,8.5645,393,-40.098,1.7646,2.1423
360.29,10.329,396.03,-42.689,1.7191,-0.60803
359.7,12.142,397.67,-45.357,0.86405,-2.1162
359.4,11.468,395.97,-42.603,-1.4049,-0.022033
360.36,14.116,401.7,-46.538,3.2215,0.92326
360.76,13.01,400.37,-42.626,-1.1741,1.3952
361.4,15.189,404.86,-45.484,2.3838,0.75201
362.46,17.091,409.56,-47.259,2.461,1.8081
363.68,16.092,409.53,-43.356,-0.334,2.7166
364.37,18.495,414.49,-46.206,2.5669,1.1818
364.92,20.098,417.69,-47.214,1.5366,1.0513
365.94,20.55,419.6,-45.976,0.80808,2.041
367.79,20.155,421.42,-43.164,0.77965,3.6054
369.82,19.564,423.24,-40.139,0.7858,3.8702
371.32,18.873,423.99,-37.206,0.1813,2.7478
372.83,19.962,427.99,-37.248,1.9734,3.078
378.63,17.265,432.59,-30.289,2.4547,10.574
380.87,16.344,434.5,-27.305,0.84495,4.0084
381.1,16.498,434.71,-26.397,-0.15676,0.30655
381.21,17.875,436.91,-27.288,0.92889,0.53439
382.26,18.113,438.61,-26.239,0.687,1.9119
379.24,22.221,440.15,-31.322,0.49354,-4.3541
376.49,25.511,440.29,-34.752,-0.25872,-4.2055
372.92,30.683,442.17,-40.549,0.70454,-4.8307
372.55,31.753,442.01,-40.084,-0.3758,-0.7243
369.52,35.656,442.17,-43.675,-0.20384,-4.3571
368.14,36.86,440.13,-43.379,-1.4263,-2.7366
363.91,42.479,440.73,-48.756,0.11232,-5.6645
364.23,42.844,439.84,-46.873,-0.80679,-0.08258
362.94,43.789,437.16,-46.1,-1.7876,-2.8545
361.86,44.182,433.78,-44.695,-2.2056,-2.8754
358.44,47.948,431.97,-47.23,-1.1808,-5.1871
358.35,49.23,431.65,-46.403,-0.47883,-0.4451
355.01,52.404,428.66,-47.953,-1.8356,-5.4938
356.42,49.8,424.26,-43.085,-3.0334,-0.47236
355.97,50.078,421.6,-41.605,-1.8612,-1.9333
358.06,47.811,419.33,-37.405,-1.8938,1.1173
356.71,49.157,416.96,-37.137,-1.6102,-2.851
358.06,47.637,414.69,-33.915,-1.8735,0.16234
358.52,47.01,412.43,-31.783,-1.7848,-0.85747
360.48,45.222,411.11,-28.569,-1.4341,1.1808
360.11,45.591,409.12,-27.544,-1.5227,-1.6473
359.25,46.279,406.67,-26.808,-1.7408,-2.406
359.62,45.734,404.54,-24.996,-1.7662,-0.99947
360.63,44.892,403.23,-22.982,-1.3867,0.043666
359.61,45.747,400.83,-22.52,-1.6967,-2.5791
361.59,42.888,398.29,-19.078,-2.4521,0.26126
361.37,43.114,396.55,-18.266,-1.4518,-1.4627
365.59,38.369,395.61,-13.573,-2.0069,3.1564
367.55,35.696,393.95,-10.848,-1.978,0.59237
369.36,33.712,393.14,-8.6793,-1.3923,0.89187
370.32,33.284,393.17,-7.6411,-0.60536,0.58435
374.43,29.527,394.29,-4.2172,-0.77282,4.0243
373.35,31.131,393.72,-4.7801,-0.43746,-1.5949
375.77,29.063,394.28,-2.6798,-0.72971,2.1309
379.18,26.347,395.99,-0.2698,-0.26619,3.6504
382.06,25.015,398.81,1.2157,0.68491,3.8531
381.39,25.515,397.64,1.2762,-0.98564,-1.599
382.31,24.597,397.4,2.2565,-0.88949,0.28763
384.51,23.41,399.29,3.4593,0.1917,2.6732
388.77,20.66,403.01,5.6712,0.74306,5.4813
389.81,20.95,404.97,5.9087,0.67439,1.7508
391.91,19.5,406.56,7.1522,-0.045627,2.3606
395.47,16.595,409.05,9.1445,0.011452,4.0671
396.7,16.179,410.61,9.591,0.2814,1.637
398.19,15.326,412.11,10.297,0.10324,1.7979
397.5,17.132,413,9.5256,0.61001,-0.27574
398.29,17.759,415.02,9.5532,0.82871,1.6025
399.97,17.929,418.15,9.8928,1.2709,3.0082
396.95,22.619,418.19,7.7646,1.0913,-2.5493
398.84,22.229,420.74,8.5158,0.69983,2.7595
403.42,19.849,425.93,10.299,1.4812,6.5271
407.08,18.903,431.35,11.326,2.1079,6.0042
409.79,17.602,434.58,12.378,0.81347,3.8085
410.89,17.191,435.96,12.795,0.12626,1.3847
411.68,18.324,438.6,12.56,1.3432,2.0347
412.36,19.786,441.43,12.273,1.5477,2.0906
412.28,21.842,443.46,11.713,1.3214,1.0056
412.04,23.76,444.94,11.222,0.94693,0.50974
415.19,22.385,448.74,12.379,0.97638,4.4886
417.52,22.175,452.48,12.925,1.4018,3.8799
416.42,24.981,453.4,11.973,0.99001,-0.46073
414.36,27.521,452.06,11.061,-0.37246,-2.7174
415.44,27.641,453.6,11.397,0.23855,1.4611
416.96,26.714,454.79,12.116,-0.32412,1.517
416.75,27.275,454.53,12.037,-0.5412,-0.68893
417.83,26.085,454.59,12.733,-1.0529,0.39596
419.31,25.89,456.62,13.091,0.4091,2.0869
420.36,26.694,459.01,13.119,0.99035,2.0449
420.7,27.599,460.18,13.07,0.36383,0.70688
421.63,27.347,461.07,13.471,-0.25596,0.8875
423.27,27.269,463.48,13.868,0.63895,2.4609
425.2,26.436,465.61,14.569,0.19832,2.4519
424.45,27.289,464.72,14.306,-0.76743,-1.5075
422.09,29.759,462.57,13.296,-0.83655,-3.4858
420.01,32.275,460.88,12.367,-0.60604,-2.9662
415.83,36.783,457.45,10.551,-0.79354,-5.6221
410.38,42.449,452.76,8.278,-1.0833,-7.3706
406.35,47.338,449.59,6.5484,-0.64386,-5.3242
406.72,47.826,449.49,6.9039,-0.7936,-0.20627
409.82,45.142,450.96,8.5733,-1.1941,2.7459
411.4,43.883,451.31,9.4581,-1.1909,0.92249
411.79,43.494,450.46,9.8883,-1.4863,-0.73209
413.82,40.187,449.42,11.45,-2.7584,0.21256
415.89,37.583,449.35,12.661,-1.9001,0.9492
414.76,37.417,446.2,12.628,-2.5651,-3.4149
413.67,37.088,442.88,12.666,-2.7322,-3.506
413.92,36.506,441.79,12.977,-1.6219,-1.0002
415.45,34.313,441.32,14.003,-1.9111,0.29921
414.63,34.345,439.09,13.927,-1.9463,-2.5371
414.47,33.939,437.55,14.12,-1.7567,-1.594
415.82,32.71,437.89,14.796,-1.0522,0.76947
417.48,30.37,437.67,15.854,-1.7802,0.57266
416.66,30.503,435.7,15.695,-1.7133,-2.3504
416.87,29.38,434.18,16.119,-1.9798,-1.335
419.06,26.259,434.19,17.425,-1.9358,1.0924
421.38,23.708,435.18,18.506,-1.115,1.8986
422.22,22.047,434.55,19.08,-1.6098,-0.27227
424.24,18.958,434.55,20.261,-1.8212,0.98391
427.3,15.302,435.95,21.713,-1.2321,2.7003
430.32,11.925,437.74,23.036,-0.85622,2.949
430.7,11.308,437.84,23.061,-0.62217,-0.041591
431.03,11.093,438.3,23.009,-0.26934,0.18814
432.56,9.1998,439.13,23.691,-0.73503,1.2593
434.9,7.3401,441.55,24.436,0.17952,2.9609
435.85,6.2793,442.37,24.707,-0.34163,0.86044
437.03,5.2119,443.65,25.009,-0.090415,1.3574
438.07,4.4152,445,25.198,0.075661,1.3077
438.98,3.9843,446.54,25.257,0.33873,1.3632
438.57,3.9188,446.09,24.99,-0.60092,-0.97436
438.37,3.9981,446.16,24.692,-0.26593,-0.45125
439.37,2.6354,446.85,25.056,-0.49845,0.80922
440.43,1.9354,448.43,25.18,0.27822,1.4969
439.65,2.4707,448.06,24.634,-0.29184,-1.1649
439.22,2.9085,448.15,24.192,-0.098481,-0.60475
438.95,3.6556,448.88,23.695,0.37765,-0.021048
439.72,3.1222,450.08,23.814,0.11628,1.0209
438.73,4.1145,449.77,23.117,-0.095884,-1.2687
438.05,4.4397,449.23,22.713,-0.51268,-1.2297
437.62,5.1015,449.52,22.229,0.078248,-0.44528
