"credit","HPIndex","Credit_HPcycle","HPIndex_HPcycle","Credit_HPtrend","HPIndex_HPtrend"
"75",117.5,52.5789,-0.960078415749269,0.0214118762074,118.460078415749,52.5574881237926
"76",119.6,53.142,0.128398609664968,-0.0762236332179866,119.471601390335,53.218223633218
"77",119.2,53.5326,-1.28870562495685,-0.3149165852393,120.488705624957,53.8475165852393
"78",121.2,54.8308,-0.306217616709745,0.392564948119978,121.50621761671,54.43823505188
"79",121.4,56.8677,-1.11815842167307,1.88464971770211,122.518158421673,54.9830502822979
"80",123.3,57.0726,-0.218357709915784,1.59772112125685,123.518357709916,55.4748788787432
"81",124.4,56.8682,-0.0999463024932257,0.960384650460311,124.499946302493,55.9078153495397
"82",125.3,58.0297,-0.155918546892142,1.75274722128778,125.455918546892,56.2769527787122
"83",125.9,59.7255,-0.479206324160142,3.1475155093081,126.37920632416,56.5779844906919
"84",128.8,59.3537,1.53735593374694,2.5460007230768,127.262644066253,56.8076992769232
"85",129.4,58.9511,1.30123329882583,1.98624687395601,128.098766701174,56.964853126044
"86",129.9,59.6935,1.01892999561477,2.64370672285603,128.881070004385,57.049793277144
"87",130.6,60.6153,0.996136977840134,3.55119162639088,129.60386302216,57.0641083736091
"88",131.9,59.2436,1.63790836798114,2.23256062447287,130.262091632019,57.0110393755271
"89",132.1,57.3226,1.24867570290577,0.426553262247753,130.851324297094,56.8960467377523
"90",132.9,56.7304,1.53184682675207,0.00441373447102045,131.368153173248,56.725986265529
"91",132.2,57.2942,0.390049161343686,0.786219640109165,131.809950838656,56.5079803598908
"92",134.2,56.1135,2.02495272423759,-0.135654180455241,132.175047275762,56.2491541804552
"93",136.4,54.7767,3.93798375226497,-1.18042427411478,132.462016247735,55.9571242741148
"94",136.4,54.6916,3.72930288680429,-0.947822403899234,132.670697113196,55.6394224038992
"95",136,55.511,3.19660952938887,0.208157432332988,132.803390470611,55.302842567667
"96",134.5,54.5882,1.63527226724779,-0.365386374274137,132.864727732752,54.9535863742741
"97",134.5,53.5555,1.63866180665431,-1.04248553097181,132.861338193346,54.5979855309718
"98",133.4,53.7312,0.599126808714556,-0.510943378527337,132.800873191285,54.2421433785273
"99",132.3,54.6184,-0.392008229094393,0.726888295748851,132.692008229094,53.8915117042512
"100",133.4,53.6947,0.856206736448945,0.143477044157903,132.543793263551,53.5512229558421
"101",132.6,52.2115,0.234966753709387,-1.0153638861839,132.365033246291,53.2268638861839
"102",133,52.3376,0.834931741841417,-0.586510921312844,132.165068258159,52.9241109213128
"103",132.4,53.1391,0.446614765778408,0.491094115163637,131.953385234222,52.6480058848364
"104",130.8,52.172,-0.939992941884882,-0.231224031036059,131.739992941885,52.4032240310361
"105",130,51.5647,-1.53517928278231,-0.630047548015533,131.535179282782,52.1947475480155
"106",129.8,51.1691,-1.54864466295903,-0.858314108858971,131.348644662959,52.027414108859
"107",128.8,52.5333,-2.38913000140853,0.627632393066913,131.189130001409,51.9056676069331
"108",129.7,52.3219,-1.36440831420989,0.488484510713549,131.06440831421,51.8334154892865
"109",130.4,49.5859,-0.580759411191256,-2.22905747321347,130.980759411191,51.8149574732135
"110",130.6,51.9377,-0.343610346984558,0.0828014211723849,130.943610346985,51.8548985788276
"111",130,51.8687,-0.958025201589552,-0.0877506653216287,130.95802520159,51.9564506653216
"112",129.8,51.7223,-1.22885329853923,-0.400577342776542,131.028853298539,52.1228773427765
"113",129.6,50.4477,-1.56034519561565,-1.90968737710748,131.160345195616,52.3573873771075
"114",129.2,51.4298,-2.15598341728904,-1.23313917339032,131.355983417289,52.6629391733903
"115",128.6,52.7822,-3.01827527228267,-0.259097582090417,131.618275272283,53.0412975820904
"116",127.9,52.816,-4.04838057968375,-0.677456741689553,131.948380579684,53.4934567416896
"117",128.1,52.7732,-4.24557273653452,-1.24704885468072,132.345572736535,54.0202488546807
"118",130.6,53.6734,-2.20659490201477,-0.94868271309354,132.806594902015,54.6220827130935
"119",131.7,56.1726,-1.62553675234404,0.874012296576754,133.325536752344,55.2985877034233
"120",133.4,55.9472,-0.495108841927994,-0.101600285469483,133.895108841928,56.0488002854695
"121",133.3,57.0576,-1.20700576470225,0.185296823282699,134.507005764702,56.8723031767173
"122",134.9,58.3987,-0.252612671576127,0.630084405526743,135.152612671576,57.7686155944733
"123",137,60.1994,1.177439665144,1.46202743344157,135.822560334856,58.7373725665584
"124",137.8,59.7164,1.2926783560715,-0.0622029235474386,136.507321643929,59.7786029235474
"125",139.3,60.4545,2.10189461202896,-0.438749263160743,137.198105387971,60.8932492631607
"126",141.2,61.5375,3.31307171986647,-0.544715306291632,137.886928280134,62.0822153062916
"127",141.9,63.2236,3.33287928230162,-0.122530555543943,138.567120717698,63.3461305555439
"128",142.8,63.428,3.56591623222704,-1.257284066455,139.234083767773,64.685284066455
"129",143.2,63.5734,3.31469845298391,-2.52648831296491,139.885301547016,66.0998883129649
"130",143.1,65.2558,2.57951313026838,-2.3335699664724,140.520486869732,67.5893699664724
"131",142.6,67.7271,1.45857576324337,-1.42447664318042,141.141424236757,69.1515766431804
"132",143.1,68.1344,1.34848965536541,-2.64849747806292,141.751510344635,70.7828974780629
"133",144.1,68.8788,1.74494650023901,-3.60003130819188,142.355053499761,72.4788313081919
"134",144.5,71.233,1.54279518543408,-3.00022165971549,142.957204814566,74.2332216597155
"135",144,74.0753,0.435794006957874,-1.96236203921434,143.564205993042,76.0376620392143
"136",142.6,74.8175,-1.58326298617326,-3.0643708147317,144.183262986173,77.8818708147317
"137",142.8,76.8672,-2.02185411619725,-2.88713987803625,144.821854116197,79.7543398780362
"138",144.4,79.2415,-1.0864681659858,-2.40014588913755,145.486468165986,81.6416458891375
"139",144.9,82.9537,-1.28233025958789,-0.574861045621367,146.182330259588,83.5285610456214
"140",145.3,84.5347,-1.61398647844876,-0.863657453892752,146.913986478449,85.3983574538928
"141",145.2,87.0158,-2.48518144760153,-0.218147932203205,147.685181447602,87.2339479322032
"142",147.6,89.9107,-0.898651050530053,0.892994487104426,148.49865105053,89.0177055128956
"143",148,93.8085,-1.35557793231365,3.0766331141449,149.355577932314,90.7318668858551
"144",149.4,95.3833,-0.856583081124973,3.02407313747857,150.256583081125,92.3592268625214
"145",150.1,97.2748,-1.10144024892901,3.39029684996945,151.201440248929,93.8845031500305
"146",151.7,99.2514,-0.489387823265008,3.95709649877056,152.189387823265,95.2943035012294
"147",152.2,102.2009,-1.01897579151661,5.6235453955038,153.218975791517,96.5773546044962
"148",153.3,103.1594,-0.988448273677911,5.43454366647911,154.288448273678,97.7248563335209
"149",154,103.7818,-1.39541252987347,5.05027672213449,155.395412529873,98.7315232778655
"150",156.3,104.4941,-0.236858040056581,4.89863338311629,156.536858040057,99.5954666168837
"151",157,106.6731,-0.708902151349555,6.35514604711971,157.70890215135,100.31795395288
"152",157,106.2858,-1.90751417459953,5.38248546597517,158.9075141746,100.903314534025
"153",157.6,104.9238,-2.52822035680912,3.56395042523401,160.128220356809,101.359849574766
"154",160.5,103.8905,-0.865354748621781,2.19127565703106,161.365354748622,101.699224342969
"155",163,103.9231,0.388328737042014,1.98776842448543,162.611671262958,101.935331575515
"156",164.2,100.9857,0.340617033979687,-1.09773355656941,163.85938296602,102.083433556569
"157",166.5,97.6274,1.39905437052805,-4.53263492556526,165.100945629472,102.160034925565
"158",168.8,95.769,2.47097208937762,-6.41195423846109,166.329027910622,102.180954238461
"159",170.5,97.3461,2.96282712423733,-4.81307715438744,167.537172875763,102.159177154387
"160",172.1,97.3731,3.37953205126029,-4.73058186107574,168.72046794874,102.103681861076
"161",172.2,97.5619,2.32414767964693,-4.45853837303591,169.875852320353,102.020438373036
"162",171.9,98.6505,0.897622611065718,-3.26196009111474,171.002377388934,101.912460091115
"163",171.5,101.4767,-0.60054714511476,-0.303273829675826,172.100547145115,101.779973829676
"164",172.6,102.2866,-0.571426593657759,0.665432321974124,173.171426593658,101.621167678026
"165",172.9,102.1835,-1.31570539736085,0.749459820671927,174.215705397361,101.434040179328
"166",175.3,103.0256,0.0662839225993472,1.80859422805323,175.233716077401,101.217005771947
"167",177.4,105.2365,1.17503116091963,4.26755269336576,176.22496883908,100.968947306634
"168",178.7,103.5496,1.5109846848452,2.85972199446468,177.189015315155,100.689878005535
"169",180.6,101.6158,2.47385846714567,1.23332168877185,178.126141532854,100.382478311228
"170",182.5,100.8134,3.46242211516261,0.762184007462532,179.037577884837,100.051215992537
"171",182.5,101.5615,2.57389907469562,1.86017035565652,179.926100925304,99.7013296443435
"172",182.9,99.876,2.10334877772232,0.537465773468961,180.796651222278,99.338534226531
"173",182.9,98.5358,1.24422196929865,-0.433907305457318,181.655778030701,98.9697073054573
"174",181.5,97.9094,-1.01134519850554,-0.692662363587848,182.511345198506,98.6020623635878
"175",182,98.7113,-1.37199421235117,0.468758308677664,183.371994212351,98.2425416913223
"176",181.2,97.7057,-3.04573446815015,-0.191954665083144,184.24573446815,97.8976546650831
"177",182.6,96.3972,-2.53971786543158,-1.17700363523565,185.139717865432,97.5742036352356
"178",184.7,96.1602,-1.3591927196821,-1.11867098047949,186.059192719682,97.2788709804795
"179",186,97.0861,-1.00782002272235,0.0684965477576571,187.007820022722,97.0176034522423
"180",186.9,95.3437,-1.08841127092318,-1.45194863258902,187.988411270923,96.795648632589
"181",189.6,94.8173,0.596851926858677,-1.80099691392671,189.003148073141,96.6182969139267
"182",189.9,94.0651,-0.15353178118902,-2.42483122076723,190.053531781189,96.4899312207672
"183",190.4,95.6777,-0.741436779332971,-0.736108854551198,191.141436779333,96.4138088545512
"184",192.6,95.1597,0.331358505523405,-1.23197159720624,192.268641494477,96.3916715972062
"185",195,95.1417,1.56353904446388,-1.28310116262588,193.436460955536,96.4248011626259
"186",197.2,94.7332,2.55358270950621,-1.78050928245542,194.646417290494,96.5137092824554
"187",198.3,96.8292,2.39899016076535,0.171094249886494,195.901009839235,96.6581057501135
"188",199.5,96.198,2.29566606916276,-0.65858754071727,197.204333930837,96.8565875407173
"189",200.5,96.6222,1.93801573676955,-0.485658563289937,198.56198426323,97.1078585632899
"190",200.7,96.9934,0.719009674363424,-0.416811109641968,199.980990325637,97.410211109642
"191",200.5,99.0877,-0.969592867113178,1.32606606501845,201.469592867113,97.7616339349815
"192",200.8,98.289,-2.23648201776441,0.129144712426543,203.036482017764,98.1598552875735
"193",201.8,98.1154,-2.8897419121525,-0.48803220697311,204.689741912152,98.6034322069731
"194",203,97.8563,-3.43605888357859,-1.23470244818115,206.436058883579,99.0910024481812
"195",203.9,99.5677,-4.38031317664866,-0.0531987460688832,208.280313176649,99.6208987460689
"196",204.2,99.5774,-6.02523749916641,-0.613282146477523,210.225237499166,100.190682146478
"197",208.1,99.7798,-4.17082686320025,-1.01808044603195,212.2708268632,100.797880446032
"198",209.6,99.861,-4.81331050738163,-1.57863814001552,214.413310507382,101.439638140016
"199",211.6,101.9361,-5.04631090355241,-0.176363423432863,216.646310903552,102.112463423433
"200",211.8,102.2275,-7.1604422044873,-0.584377842450984,218.960442204487,102.811877842451
"201",215.2,103.4148,-6.14316461864647,-0.118492716097351,221.343164618646,103.533292716097
"202",230.8,104.734,7.02253692188795,0.462245872752158,223.777463078112,104.271754127248
"203",235.3,106.5583,9.0575169629203,1.53606589916922,226.24248303708,105.022234100831
"204",239.4,108.1316,10.6782409646788,2.35160643455503,228.721759035321,105.779993565445
"205",238.9,108.3302,7.69551343928999,1.7889465091238,231.20448656071,106.541253490876
"206",232.6,109.2096,-1.0865350017228,1.90589539906814,233.686535001723,107.303704600932
