"credit","HPIndex","Credit_HPcycle","HPIndex_HPcycle","Credit_HPtrend","HPIndex_HPtrend"
"63",110.3,77.9601,-4.22621141978233,-3.21354043749842,114.526211419782,81.1736404374984
"64",113,78.7503,-2.28963892654454,-3.25639889018527,115.289638926545,82.0066988901853
"65",113.1,80.0794,-2.95042505116939,-2.75834888009868,116.050425051169,82.8377488800987
"66",114.8,81.8735,-2.00449738719041,-1.78924669515885,116.80449738719,83.6627466951589
"67",116.7,83.1403,-0.845939512484128,-1.3356246552359,117.545939512484,84.4759246552359
"68",119.2,84.4355,0.932417805939822,-0.834896801015483,118.26758219406,85.2703968010155
"69",119.2,85.689,0.238272513267213,-0.349442407773803,118.961727486733,86.0384424077738
"70",120.8,86.576,1.17873979355497,-0.195818940286341,119.621260206445,86.7718189402863
"71",121.7,87.4278,1.4607859105394,-0.0342654618237126,120.239214089461,87.4620654618237
"72",122.2,88.433,1.39064041558563,0.332401351180933,120.809359584414,88.1005986488191
"73",122.4,89.3962,1.07361986886496,0.717386238208451,121.326380131135,88.6788137617915
"74",123.4,90.4057,1.61417168028883,1.21738618789502,121.785828319711,89.188313812105
"75",123.7,91.7448,1.51607224735055,2.1236498224779,122.183927752649,89.6211501775221
"76",124.4,93.0711,1.88208911024343,3.10096489782707,122.517910889757,89.9701351021729
"77",123.9,94.0585,1.114042264006,3.8290918886732,122.785957735994,90.2294081113268
"78",124.5,93.8727,1.51257539798297,3.47765316668605,122.987424602017,90.395046833314
"79",124.2,94.3693,1.07763592510406,3.90377792110481,123.122364074896,90.4655220788952
"80",124.7,94.7967,1.50822589867526,4.35522180793968,123.191774101325,90.4414781920603
"81",125,94.1952,1.80267384954934,3.86920062199998,123.197326150451,90.325999378
"82",125,93.4542,1.85836566739239,3.32930814446515,123.141634332608,90.1248918555349
"83",124.7,91.586,1.67156057071457,1.73961990612583,123.028439429285,89.8463800938742
"84",124.6,89.6244,1.73735629948387,0.12363062018248,122.862643700516,89.5007693798175
"85",123.9,88.4051,1.24980586831163,-0.69435226260588,122.650194131688,89.0994522626059
"86",124.2,88.1535,1.80187644412195,-0.500398560617832,122.398123555878,88.6538985606178
"87",123.2,87.4006,1.08575406517129,-0.774544122067786,122.114245934829,88.1751441220678
"88",122.6,86.5018,0.792498596938557,-1.17211204606978,121.807501403061,87.6739120460698
"89",121.5,86.0497,0.0124913086119366,-1.11074134166159,121.487508691388,87.1604413416616
"90",120.5,85.1957,-0.664381842243578,-1.44853844785213,121.164381842244,86.6442384478521
"91",119.7,84.4226,-1.14824270513081,-1.71151559031184,120.848242705131,86.1341155903118
"92",118.7,84.0912,-1.8487978909012,-1.5467796581812,120.548797890901,85.6379796581812
"93",117.7,83.6175,-2.57503635871545,-1.54516784335679,120.275036358715,85.1626678433568
"94",117.8,83.3214,-2.23479156905251,-1.39265060044883,120.034791569053,84.7140506004488
"95",118,83.5865,-1.83428758466705,-0.710532654165386,119.834287584667,84.2970326541654
"96",118.4,83.7284,-1.27835172358313,-0.187248322589295,119.678351723583,83.9156483225893
"97",118.2,83.5393,-1.37066487408439,-0.0341878408945062,119.570664874084,83.5734878408945
"98",118.3,83.447,-1.21410895462725,0.1729755859466,119.514108954627,83.2740244140534
"99",118.2,83.1304,-1.31070921812179,0.109690120362205,119.510709218122,83.0207098796378
"100",118.8,83.0773,-0.761732099381407,0.260195815039355,119.561732099381,82.8171041849606
"101",118.6,82.7774,-1.06762483995834,0.110564166339733,119.667624839958,82.6668358336603
"102",119.5,82.5395,-0.328358598842526,-0.0341959517592416,119.828358598843,82.5736959517592
"103",120.1,82.786,0.056762730500981,0.244455232115826,120.043237269499,82.5415447678842
"104",120.8,82.8861,0.488640478731439,0.311878861808235,120.311359521269,82.5742211381918
"105",121.1,82.7836,0.468140499801539,0.107883296641154,120.631859500198,82.6757167033589
"106",121.6,82.5458,0.595823247364724,-0.304418028350883,121.004176752635,82.8502180283509
"107",121.8,82.5417,0.371956587262068,-0.560279105193717,121.428043412738,83.1019791051937
"108",121.6,82.4964,-0.303564004194878,-0.938663664645389,121.903564004195,83.4350636646454
"109",121.3,82.6174,-1.13107552356171,-1.23578526302341,122.431075523562,83.8531852630234
"110",121.8,83.0911,-1.2107252398914,-1.2683707918548,123.010725239891,84.3594707918548
"111",122.5,83.7808,-1.14195350003458,-1.17547477687709,123.641953500035,84.9562747768771
"112",122.9,84.7291,-1.42344394756706,-0.916059012082981,124.323443947567,85.645159012083
"113",123.6,86.0324,-1.45316650512711,-0.394550619729683,125.053166505127,86.4269506197297
"114",125.5,86.8966,-0.328201442885667,-0.405304185191624,125.828201442886,87.3019041851916
"115",126.5,88.065,-0.144720801948117,-0.205027699706184,126.644720801948,88.2700276997062
"116",127.7,89.4067,0.201308502482073,0.0756241606051811,127.498691497518,89.3310758393948
"117",128.7,90.4675,0.314010005702564,-0.0171751380667162,128.385989994297,90.4846751380667
"118",129.7,91.334,0.397381425197058,-0.396499394631444,129.302618574803,91.7304993946315
"119",131.4,92.5636,1.15522422219563,-0.504611673537392,130.244775777804,93.0682116735374
"120",132.3,93.9429,1.09109149453763,-0.554327227110996,131.208908505462,94.497227227111
"121",133.4,95.3914,1.2078143249235,-0.625245925383044,132.192185675077,96.016645925383
"122",134.3,96.7891,1.10754186386968,-0.836121183867267,133.19245813613,97.6252211838673
"123",134.9,98.1115,0.691668377939436,-1.20981563937392,134.208331622061,99.3213156393739
"124",135.4,99.8137,0.160895920031179,-1.28906935297357,135.239104079969,101.102769352974
"125",134.9,101.1823,-1.38450574969291,-1.78436625096192,136.284505749693,102.966666250962
"126",137,101.988,-0.344367431020684,-2.92128459128929,137.344367431021,104.909284591289
"127",139.1,103.7272,0.682345392353562,-3.19858740299875,138.417654607646,106.925787402999
"128",140,105.7498,0.49688246637995,-3.25971191226441,139.50311753362,109.009511912264
"129",140.6,107.3011,6.70711383599087e-05,-3.8506962281332,140.599932928862,111.151796228133
"130",141.7,108.883,-0.00758806483281971,-4.45894113970696,141.707588064833,113.341941139707
"131",142.6,111.1122,-0.225570254914639,-4.45464075094483,142.825570254915,115.566840750945
"132",144,113.0706,0.0466379300523401,-4.74000232759373,143.953362069948,117.810602327594
"133",144.5,114.2251,-0.590305099363096,-5.8294489849312,145.090305099363,120.054548984931
"134",146.9,116.312,0.664229918701548,-5.96504133678004,146.235770081298,122.27704133678
"135",147.7,119.0696,0.31124118679584,-5.38319659134745,147.388758813204,124.452796591347
"136",147.8,122.89,-0.748688236229758,-3.66280380600514,148.54868823623,126.552803806005
"137",148.1,126.008,-1.61516981726666,-2.53668754025527,149.715169817267,128.544687540255
"138",149,129.0855,-1.8873470930585,-1.30828310122122,150.887347093059,130.393783101221
"139",149.8,133.188,-2.2633541192132,1.12415963368644,152.063354119213,132.063840366314
"140",151.6,137.1877,-1.64014535940554,3.6699084639948,153.240145359406,133.517791536005
"141",151.6,141.9217,-2.81326068098571,7.20242858946101,154.413260680986,134.719271410539
"142",153.1,145.6891,-2.47721486045434,10.0548915170511,155.577214860454,135.634208482949
"143",154.3,148.9498,-2.42476438638637,12.7167672358634,156.724764386386,136.233032764137
"144",155.7,152.3556,-2.14711748806909,15.8631414277977,157.847117488069,136.492458572202
"145",157.3,153.8714,-1.63396691704812,17.4742517952315,158.933966917048,136.397148204768
"146",159.1,150.9597,-0.873663476439157,15.01802157715,159.973663476439,135.94167842285
"147",160.5,149.1075,-0.453536740034788,13.9759526051662,160.953536740035,135.131547394834
"148",162.3,149.9284,0.439629758045301,15.9467604474074,161.860370241955,133.981639552593
"149",163.3,146.6688,0.619335944143851,14.1532257016228,162.680664055856,132.515574298377
"150",165.9,140.0494,2.49880697600477,9.28246224028189,163.401193023995,130.766937759718
"151",167.7,135.6182,3.69088092640717,6.84003816979093,164.009119073593,128.778161830209
"152",169.2,130.2487,4.70683411376984,3.65122005765579,164.49316588623,126.597479942344
"153",169.9,123.5475,5.05563605593284,-0.729900552473911,164.844363944067,124.277400552474
"154",169.5,115.5004,4.44331449941493,-6.37231412948447,165.056685500585,121.872714129484
"155",170.3,108.9774,5.17273741819992,-10.4603549544169,165.1272625818,119.437754954417
"156",168.8,106.4551,3.74399571470949,-10.5677746119813,165.056004285291,117.022874611981
"157",168.2,103.9264,3.35394733047898,-10.7454869650412,164.846052669521,114.671886965041
"158",168.9,102.714,4.397110209722,-9.70800101732787,164.502889790278,112.422001017328
"159",169.1,102.4165,5.06590607957056,-7.887209843219,164.034093920429,110.303709843219
"160",167.5,102.5928,4.0500084732757,-5.74863901645677,163.449991526724,108.341439016457
"161",165.6,102.1944,2.83592473278866,-4.3602846046312,162.764075267211,106.554684604631
"162",163,101.017,1.00763094476505,-3.94234977594721,161.992369055235,104.959349775947
"163",161,99.0066,-0.152669257097693,-4.56201252073183,161.152669257098,103.568612520732
"164",159,97.8018,-1.26340200844253,-4.59138686070206,160.263402008443,102.393186860702
"165",157.3,95.7209,-2.04289802662677,-5.72003555974936,159.342898026627,101.440935559749
"166",155.9,93.7385,-2.5086984027525,-6.97835176497699,158.408698402753,100.716851764977
"167",154.8,93.74,-2.67706741665505,-6.48235360126375,157.477067416655,100.222353601264
"168",154,93.985,-2.56270141166814,-5.96949772363518,156.562701411668,99.9544977236352
"169",152.5,94.2494,-3.17862356398999,-5.65688931611628,155.67862356399,99.9062893161163
"170",151.3,95.6442,-3.53625536143654,-4.42280262665449,154.836255361437,100.067002626654
"171",151,97.3508,-3.04503165209633,-3.07157634737489,154.045031652096,100.422376347375
"172",150.8,99.4145,-2.51217712445688,-1.54088491876068,153.312177124457,100.955384918761
"173",149.6,101.3553,-3.04301332222323,-0.291783046077976,152.643013322223,101.647083046078
"174",149.5,103.4988,-2.54129167839754,1.02123761848125,152.041291678398,102.477562381519
"175",149.8,105.5764,-1.7088617426557,2.14966778712871,151.508861742656,103.426732212871
"176",149.9,107.9098,-1.14598475737453,3.43465989856477,151.045984757375,104.475140101435
"177",149.7,108.4292,-0.951853926341761,2.82452284912269,150.651853926342,105.604677150877
"178",149.6,108.0096,-0.724946212871691,1.21021887269919,150.324946212872,106.799381127301
"179",148.8,109.2966,-1.26314367157464,1.2515448764103,150.063143671575,108.04505512359
"180",148.9,111.8067,-0.963875265677938,2.47844138057664,149.863875265678,109.328258619423
"181",148.2,113.7987,-1.52378049361419,3.162366689971,149.723780493614,110.636333310029
"182",148.9,113.8334,-0.738896431774849,1.87523008350338,149.638896431775,111.958169916497
"183",148.9,115.1159,-0.704307793742975,1.8312643609025,149.604307793743,113.284635639098
"184",149,117.2441,-0.614637482831726,2.63633030309491,149.614637482832,114.607769696905
"185",149.5,118.6498,-0.164068209983137,2.72904415078158,149.664068209983,115.920755849218
"186",150.2,118.6264,0.453601462287451,1.40797443822407,149.746398537713,117.218425561776
"187",151.3,119.8674,1.44467551409601,1.37008404708969,149.855324485904,118.49731595291
"188",150.8,121.4498,0.815174424644538,1.69495587502183,149.984825575355,119.754844124978
"189",151,122.1391,0.870215750938723,1.1498165171345,150.129784249061,120.989283482866
"190",151.6,123.1521,1.31440756596886,0.952133221119827,150.285592434031,122.19996677888
"191",151.6,124.5658,1.15181405788094,1.17885459934664,150.448185942119,123.386945400653
"192",152.4,126.0877,1.78567791009218,1.53683418092065,150.614322089908,124.550865819079
"193",151.5,126.9103,0.718521922233614,1.21718871082299,150.781478077766,125.693111289177
"194",152.2,127.1604,1.2517528452425,0.344374412671614,150.948247154757,126.816025587328
"195",151.7,127.8635,0.586328353854694,-0.0592132328596562,151.113671646145,127.92271323286
"196",151.6,129.0613,0.322423777277778,0.044806020894983,151.277576222722,129.016493979105
"197",151.3,129.8962,-0.140152010501832,-0.204450571128072,151.440152010502,130.100650571128
"198",151.6,129.5393,-0.00179165035856408,-1.63919375775552,151.601791650359,131.178493757756
"199",151.8,130.3548,0.0371998118398291,-1.89840650620707,151.76280018816,132.253206506207
"200",151.4,131.7718,-0.523481549993055,-1.55514728760388,151.923481549993,133.326947287604
