351.15,0,311.31,0,0,0
352.35,-3.9145,330.23,-16.462,-2.7233,2.4595
347.1,-1.7876,319.72,-7.1735,-0.30686,-4.7595
344.57,-1.1714,315.51,-4.6893,0.76191,-2.1068
349.08,-2.1965,321.25,-9.4953,5.9628,1.4106
346.56,-1.5565,317.44,-5.6911,-1.1191,-1.8593
344.3,-1.2201,317.5,-4.8653,-1.1289,0.48146
340.81,-0.021318,311.4,-0.44516,-1.2232,-2.2463
343.52,-0.44219,309.95,-1.4867,4.1329,-1.8696
342.22,-2.0964,320.59,-8.1811,-2.2669,4.7641
341.83,-0.061294,311.74,-1.4634,2.3211,-3.4508
338.47,0.30877,307.74,2.3637,-1.9215,-0.5854
335.46,0.57334,306.9,2.2976,-1.8702,0.028458
340.04,-2.2799,324.19,-10.211,3.0948,5.9259
342.19,-2.7411,327.81,-10.505,2.3872,0.21454
348.19,-2.8779,335.07,-13.142,5.3821,1.567
349.62,-3.0501,341.33,-12.153,0.15593,1.9948
356.47,-4.7204,359.97,-19.053,3.6487,6.1511
353.58,-1.2415,352.5,-6.5242,-2.5487,-3.5833
352.77,-1.6199,360.28,-4.6639,-2.2703,3.3483
352.97,1.4142,353.66,3.5696,1.0742,-4.1249
352.27,1.5372,354.54,6.982,-1.0798,-0.12036
346.52,4.039,341.44,17.384,-3.9826,-5.8576
348.14,4.2052,341.42,14.998,1.9234,-1.1384
348.02,4.0244,332.54,18.409,0.99151,-5.2685
347.75,3.1039,337.78,11.962,-1.1853,2.3854
343.32,3.2549,333.06,13.23,-3.6663,-1.6907
340.98,2.416,330.69,11.542,-1.438,-1.2028
340.51,2.5627,327.46,8.542,0.65605,-2.1764
337.93,0.50582,330.69,4.268,-2.2571,2.1376
341.02,-0.23341,334.44,-1.8267,3.53,0.76772
341.22,-0.76967,335.46,-3.8236,0.50883,-0.004728
340.35,-1.5689,335.18,-4.0861,-0.46475,-0.44173
339.85,-1.0708,337.45,-6.7205,-0.31511,0.93859
340.37,-1.5963,333.21,-4.9354,1.4077,-3.284
338.36,-0.94074,327.55,-3.6394,-1.1859,-3.2937
338.83,-1.4096,328.57,-6.8788,0.6245,0.15388
340.4,-2.9787,332.77,-10.129,1.2758,1.8574
340.13,-2.7167,337.51,-12.625,-0.68673,2.673
339.82,-2.7424,335.78,-10.473,0.054351,-1.4819
341.07,-2.966,339.38,-11.589,1.0216,1.5679
340.35,-2.595,344.45,-11.906,-1.1102,3.0502
341.8,-3.0262,349.3,-10.93,1.2454,2.2325
341.98,-1.5253,348.7,-7.6522,0.35915,-1.0431
341.83,-1.38,350.94,-5.2141,-0.27343,0.98309
341.6,-0.48199,348.74,-1.6401,0.075272,-2.0401
341.44,0.0076095,351.71,-1.1523,-0.33863,1.524
338.46,0.31885,349.16,2.7429,-2.5134,-1.6032
339.05,1.0667,347.06,3.196,1.236,-2.2884
338.95,0.50219,349.8,2.2779,-0.060393,1.4023
338.82,0.63043,347.49,3.2455,0.33526,-2.2319
338.42,1.0314,345.33,2.9483,-0.05408,-2.0056
341.78,-0.011861,345.24,1.0873,3.3696,-1.4571
343.51,-0.11303,347.12,-1.1691,1.0909,0.6003
344.8,-0.12057,342.7,-0.53611,0.92912,-3.9427
345.61,-0.61336,340.12,-1.5134,0.093599,-2.3336
349.4,-1.2759,345.8,-6.3178,2.3555,3.1927
352.81,-1.9506,348.45,-7.2687,1.8912,1.0142
354.79,-1.5708,347.87,-6.5248,0.45015,-1.0389
356.17,-1.4961,350.19,-6.4969,-0.40468,1.4021
358.2,-1.5335,350.97,-5.5245,0.41748,-0.0093193
359.71,-1.0842,353.67,-5.2116,-0.25951,1.6643
361.03,-0.7487,350.82,-2.6993,-0.065213,-2.746
364.51,-0.75203,351.75,-3.0748,1.761,-0.23237
367.18,-0.572,352.54,-2.9218,0.70282,-0.06184
369.49,-0.85237,355.58,-2.6759,0.12791,1.8901
370.71,-0.086158,354.46,-1.1182,-0.68914,-1.261
371.88,-0.033169,352.06,0.25185,-0.60699,-2.314
370.97,-0.097003,353.19,0.17791,-2.7314,1.1664
374.65,-0.17269,356.88,-1.7171,2.0468,2.001
374.05,-0.27842,357.9,-0.15719,-2.2383,0.90321
376.53,0.05596,359.66,-0.28169,1.0823,0.63711
379.4,0.15378,362.26,0.044726,1.2667,1.2907
379.54,0.23282,364.13,2.0495,-1.4877,1.3949
381.8,1.0621,365.39,2.8916,0.84355,0.24809
384.03,0.98257,365.92,4.5544,0.7122,-0.35862
385.17,1.3244,368.09,5.5387,-0.51562,1.3929
386.12,1.8322,371.82,6.4398,-0.62381,2.7863
387.53,1.8514,374.61,8.4892,0.031375,1.7655
387.34,2.8604,376.12,10.666,-1.4391,1.008
389.81,2.9811,378.67,12.072,1.3558,1.1851
392.81,3.0757,389.67,12.635,1.469,8.7177
392.42,4.7957,389.01,18.187,-1.4975,-1.0621
392.3,5.2985,385.85,22.466,-0.97582,-3.4572
393.27,5.812,386.76,22.854,0.050895,0.011634
394.7,5.6646,389.56,22.815,0.44285,1.6292
395.75,5.7041,385.13,23.701,0.19352,-4.976
396.52,5.4799,383.95,21.59,-0.31268,-1.7971
399.2,4.3969,383.09,18.531,1.5291,-1.9825
400.65,3.6564,387.13,14.801,-0.043002,3.0362
401.9,3.2736,385.45,13.045,-0.044912,-2.3643
402.62,2.3878,386.17,10.58,-0.66207,0.085775
404.33,2.0584,384.26,7.7184,0.4428,-2.7054
406.18,0.89795,388.66,4.3027,0.34803,3.365
405.98,0.75625,387.85,3.2091,-1.5231,-1.1646
405.62,0.42164,387.54,1.5438,-1.4664,-0.69424
406.69,-0.30493,385.26,-0.52443,0.13256,-3.0099
408.49,-0.90945,389.3,-4.0525,0.67984,3.0095
408.66,-1.2429,385.46,-4.748,-0.86492,-4.3072
408.15,-1.9296,388.3,-7.1216,-1.5355,2.4622
408,-1.9537,388.54,-8.5471,-0.86229,-0.28711
408.43,-2.5556,391.52,-9.5938,-0.18828,2.2391
408.15,-2.2831,389.39,-9.5703,-0.75698,-2.7015
408.31,-2.6076,391.26,-10.486,-0.31195,1.1983
408.24,-2.7145,391.21,-10.566,-0.43705,-0.7092
408.28,-2.585,393.54,-10.999,-0.28153,1.6518
408.34,-2.6401,391.85,-10.273,-0.184,-2.4449
408.15,-2.6226,390.51,-10.645,-0.45942,-1.9999
408.2,-2.8472,391.16,-11.615,-0.20431,-0.024339
408.64,-3.1141,392.48,-12.241,0.20422,0.54722
408.31,-2.9539,390.63,-12.324,-0.5723,-2.5088
407.8,-3.3157,392.12,-12.912,-0.70314,0.98996
407.71,-3.2262,391.55,-13.268,-0.17284,-1.2915
407.29,-3.3397,395.52,-13.488,-0.45984,3.5067
406.27,-3.026,395.17,-12.067,-0.9079,-0.89512
405.79,-2.7209,395.83,-11.372,-0.26264,0.00072297
406.29,-2.6875,396.23,-10.703,0.71962,-0.54032
406.36,-2.4063,399.97,-9.8924,0.21581,3.1137
406.37,-1.8892,396.93,-7.9968,0.13207,-4.0281
406.81,-1.98,399.19,-7.5857,0.47706,1.497
407.01,-1.48,402.26,-6.5378,0.21878,2.4228
408.17,-1.1012,404.57,-4.5498,1.1781,1.3516
407.41,-0.50928,400.9,-1.9803,-0.91608,-4.4969
407.31,-0.40692,401.45,-1.7911,-0.19732,-0.13953
408.36,-0.44089,404.49,-1.736,0.98281,2.2235
409.49,-0.054977,409.2,-0.51906,0.9861,4.0152
410.17,0.59362,408.73,2.147,0.41934,-1.4628
410.45,0.96159,409.66,4.0436,-0.035851,0.19416
410.59,1.4804,412.51,5.677,-0.13773,2.2954
410.96,1.918,412.53,7.6731,0.12193,-0.87198
411.33,2.1833,413.5,8.9082,0.10324,0.18143
412.19,2.4366,413,9.5222,0.52659,-1.5388
413.74,2.3006,415.07,9.5028,1.1191,1.1343
415.38,2.5156,418.13,9.9063,1.082,2.2216
416.86,2.7053,415.23,10.723,0.68303,-4.2621
418.65,2.4099,419.05,10.2,0.91185,3.1284
420.37,2.8929,425.19,11.043,0.84226,5.7059
422.51,3.4747,428.7,13.975,1.2077,2.6562
423.06,4.3305,429.46,17.498,-0.51059,0.031117
423.07,5.0101,428.83,19.918,-0.97738,-1.3916
424.94,5.056,430.46,20.707,0.98569,0.61276
426.79,5.3534,432.44,21.255,0.83614,1.06
428.71,5.4065,433.27,21.906,0.76718,-0.2357
430.37,5.4247,434.1,22.065,0.39,-0.13328
432.03,5.5498,438.92,22.191,0.43273,4.3705
433.86,5.8307,441.79,23.613,0.60487,2.0889
435.21,6.188,440.53,24.851,-0.022182,-2.4481
435.88,6.0018,438.61,24.511,-0.76432,-2.9765
437.51,5.5762,442.24,22.755,0.36541,3.0556
438.13,5.5492,444.67,22.241,-0.61001,1.927
438.71,5.323,444.66,21.911,-0.57701,-0.8758
438.74,5.1734,446.38,20.944,-0.9812,1.2135
440.25,4.955,449.74,19.975,0.68456,2.6544
442.15,4.8984,452.27,19.854,1.0029,1.6077
443.29,5.0123,453.12,20.135,0.092279,-0.11022
444.04,4.9359,454.37,20.168,-0.28129,0.46186
445.58,4.9527,457.43,19.918,0.60106,2.3184
446.55,5.0866,459.69,20.494,-0.013674,1.5381
446.63,5.1098,458.13,20.898,-0.95413,-2.6549
447.08,4.7742,456.54,19.33,-0.53344,-2.786
448.27,4.0156,456.74,16.51,0.26126,-0.89168
449.4,3.2095,454.87,13.134,0.055358,-3.2617
450.78,2.0506,452.47,8.5624,0.16962,-3.8836
452.99,0.70155,452.94,3.2038,0.94821,-0.72282
454.76,-0.21522,457.18,-0.78904,0.50434,3.8311
455.51,-0.54217,461.56,-2.0261,-0.44311,4.2208
455.71,-0.42294,462.52,-1.7559,-0.92503,0.3123
455.72,-0.43843,462.03,-1.6847,-1.0044,-1.3838
454.55,-0.54164,462.74,-1.8761,-1.9742,0.30115
454.03,-0.55608,464.35,-2.3345,-0.99146,1.1026
452.93,-0.75468,461.7,-2.8807,-1.5382,-3.7986
452.09,-1.3387,460.56,-5.014,-1.0885,-2.1153
452.28,-1.8575,462.41,-7.6409,0.14117,1.1236
452.03,-2.2701,464.24,-8.9194,-0.274,1.2195
451.43,-2.4558,462.92,-9.9105,-0.66602,-2.4487
451.27,-2.8582,463.17,-11.504,-0.13952,-0.70396
451.71,-3.1809,465.39,-12.702,0.52452,1.4823
450.95,-3.1075,466.26,-12.735,-0.72065,0.19142
450.43,-3.2681,464.41,-13.021,-0.5045,-3.1297
449.77,-3.5205,464.44,-14.136,-0.56416,-0.84979
448.99,-3.6722,466.47,-14.853,-0.51069,1.5482
448.73,-3.642,468.39,-14.701,0.10136,1.2565
447.72,-3.45,467.69,-14.068,-0.72358,-1.6911
446.65,-3.4487,468.56,-13.749,-0.63374,0.17742
445.81,-3.2092,470.8,-13.137,-0.24089,1.7469
445.12,-2.8704,472.51,-11.733,-0.047462,1.0324
444.59,-2.5891,471.39,-10.484,0.021204,-2.4154
444.61,-2.4857,471.52,-10.202,0.52942,-1.0294
444.2,-2.4321,472.59,-9.7651,0.047923,0.25018
444.44,-2.1941,475.02,-9.0374,0.74865,1.7268
443.99,-1.8628,474.78,-7.7046,-0.12405,-1.3117
443.98,-1.739,475.55,-6.8906,0.34024,-0.20214
443.94,-1.4539,476.38,-6.1901,0.24429,-0.089777
444.32,-1.3616,477.25,-5.4522,0.61911,-0.1539
443.71,-1.2223,476.02,-4.9418,-0.55583,-2.4043
443.69,-1.3265,476.26,-5.4075,0.11962,-0.77375
443.44,-1.4405,477.59,-5.6823,-0.086472,0.61421
443.72,-1.3566,479.28,-5.6687,0.46688,0.91898
443.48,-1.353,478.15,-5.4593,-0.23069,-2.3685
443.67,-1.541,478.41,-6.0678,0.22797,-0.78162
444.22,-1.6146,479.35,-6.773,0.55836,-0.014461
444.59,-1.7418,480.75,-6.8564,0.31369,0.60597
444.54,-1.6993,479.87,-6.9773,-0.2353,-2.064
444.4,-1.9122,479.6,-7.657,-0.3221,-1.2766
444.89,-2.1674,480.38,-8.6276,0.36678,-0.15001
