Starting values:
0.876400 
-0.019400 
1.542500 
-0.614400 
0.859300 
0.369300 
0.513197 
0.824700 
0.287498 
Starting priors:
376.584050 
412.212184 
104.555673 
128.810469 
0.500000 
0.500000 
-1.000000 
-0.800000 

 Likelihood value is -653.144847 
code 0.000000 

 Estimated parameters are:
0.876400
-0.019400
1.542500
-0.614400
0.859300
0.369300
0.588240
0.824700
0.488743
0.245261
0.249177
0.078985
0.069923
0.047559
0.125705
0.075657
0.099045
0.198261
Pre-transformed estimate are:
0.876400
-0.019400
1.542500
-0.614400
0.859300
0.369300
0.513197
0.824700
0.287498
