Starting values:
0.906100 
-0.069200 
1.334200 
-0.444100 
0.906635 
0.492200 
0.606677 
1.345500 
0.780520 
Starting priors:
351.154544 
311.307077 
133.766603 
100.335766 
0.500000 
0.500000 
8.000000 
8.000000 

 Likelihood value is -855.181319 
code 1.000000 

 Estimated parameters are:
0.536522
-0.348364
1.782081
-0.821256
1.542428
0.000004
2.467456
0.708469
0.413345
0.154780
0.190439
0.066051
0.066050
0.076693
0.131292
0.157867
0.189709
0.062733
Pre-transformed estimate are:
0.536522
-0.348364
1.782081
-0.821256
1.542428
-0.000004
2.246802
0.708469
1.019911
