Starting values:
0.876400 
-0.019400 
1.542500 
-0.614400 
0.442867 
0.369300 
0.712990 
0.824700 
0.458038 
Starting priors:
376.584050 
412.212184 
140.907428 
140.877355 
0.500000 
0.500000 
-1.000000 
-0.800000 

 Likelihood value is -628.024931 
code 1.000000 

 Estimated parameters are:
1.869539
-0.879353
1.818419
-0.845822
1.001535
0.078959
1.104300
0.342948
0.656824
0.044896
0.045854
0.035682
0.034361
0.057246
0.040072
0.078461
0.061683
0.637110
Pre-transformed estimate are:
1.869539
-0.879353
1.818419
-0.845822
1.001535
0.078959
1.104300
-0.258598
0.225257
