Starting values:
0.906100 
-0.069200 
1.334200 
-0.444100 
0.557327 
0.492200 
0.761706 
1.345500 
0.711216 
Starting priors:
351.154544 
311.307077 
111.087337 
105.870883 
0.500000 
0.500000 
-2.000000 
-1.000000 

 Likelihood value is -1023.781582 
code 5.000000 

 Estimated parameters are:
0.952141
0.470932
1.441537
-0.446149
1.532832
0.849986
2.863816
0.505727
1.000000
0.046791
0.069634
0.006162
0.010195
0.083057
0.103450
0.146589
0.069947
0.000011
Pre-transformed estimate are:
0.952141
0.470932
1.441537
-0.446149
1.532832
0.849986
2.863816
0.000009
0.505727
