Starting values:
0.850074 
-0.062717 
-0.042681 
0.070338 
0.250406 
-0.361554 
1.622285 
-0.688705 
0.705766 
0.582055 
1.131565 
0.737548 
0.738163 
Starting priors:
407.566725 
454.991695 
151.324954 
140.180803 
0.800000 
0.200000 
0.017384 
-0.164721 
-1.426620 
-3.510914 
0.003000 
0.004000 

 Likelihood value is -332.070600 
code 5.000000 

 Estimated parameters are:
1.550239
-0.575429
0.014131
0.003684
1.833803
-0.935812
1.742908
-1.654450
0.419468
0.037525
0.493725
0.096587
1.000000
0.062167
0.064231
0.008307
0.011362
0.065821
0.061137
0.440603
0.417548
0.020597
0.013229
0.036709
0.047773
0.000003
Pre-transformed estimate are:
1.550239
-0.575429
0.014131
0.003684
1.833803
-0.935812
1.742908
-1.654450
0.419468
0.037525
0.493725
-0.000000
0.096587
