Starting values:
1.116320 
-0.271528 
0.003511 
0.001081 
0.428350 
-0.564662 
1.035642 
-0.262645 
0.729098 
0.501046 
1.467263 
1.812620 
0.936528 
Starting priors:
399.244098 
409.144658 
183.082863 
158.526409 
0.600000 
0.400000 
-2.026405 
-2.756589 
-1.949590 
-8.350502 
0.004000 
0.003000 

 Likelihood value is -456.568468 
code 5.000000 

 Estimated parameters are:
1.889530
-0.874307
0.175607
-0.196405
1.574206
-0.736360
0.721371
-0.595881
0.603956
0.016016
1.903821
0.128917
0.999772
0.000184
0.002554
0.000810
0.003451
0.064272
0.058570
0.049201
0.044225
0.037408
0.006279
0.111540
0.026856
0.006093
Pre-transformed estimate are:
1.889530
-0.874307
0.175607
-0.196405
1.574206
-0.736360
0.721371
-0.595881
0.603956
0.016016
1.903821
-0.002755
0.128888
