-1.4054e+08,1.4054e+08,-7.1862e+08,7.1862e+08,-2.7233,-23.337
389.42,-43.962,625.5,-313.51,6.5322e+07,-5.94e+08
360.8,-17.401,448.33,-137.51,20.66,240.48
354.27,-7.3814,399.14,-87.387,19.005,93.347
351.27,-6.2744,367.41,-55.657,18.827,51.086
350.27,-7.19,374.22,-61.592,6.6263,23.298
349.37,-8.59,382.73,-71.784,6.4419,25.758
348.33,-5.2574,378.46,-69.996,11.849,33.663
347.24,-7.1198,365.92,-53.503,15.569,40.046
346.81,-5.0398,375.73,-65.453,6.6593,17.896
346.11,-7.3313,368.35,-58.248,13.963,31.842
345.71,-9.6693,385.9,-76.706,3.9495,23.39
344.97,-7.2155,389.09,-75.109,10.487,44.948
344.27,-4.8161,376.5,-59.194,16.924,43.187
343.73,1.5863,354.38,-32.448,20.439,30.993
343.43,3.1436,327.43,1.7463,21.722,12.071
343.48,8.2691,317.99,22.928,13.606,-14.157
343.76,8.583,305.32,40.653,13.849,-37.874
344.19,6.9676,314.68,40.94,4.3755,-49.454
344.67,9.7114,324.02,33.211,3.8854,-58.521
345,8.8076,314.64,46.881,11.933,-47.419
345.53,5.0271,332.28,26.54,-0.053498,-67.42
345.89,6.4556,342.61,13.807,3.7162,-50.219
346.12,5.9274,333.48,17.462,12.045,-40.882
346.36,4.4985,334.8,14.942,7.8127,-40.231
346.62,-0.044099,350.95,-4.6581,1.729,-40.842
346.78,-3.3852,375.88,-33.653,-1.0395,-25.593
346.77,-3.6987,386.43,-50.422,6.0522,-2.6772
346.63,-8.1942,392.6,-57.641,8.9695,17.785
346.49,-5.706,406.07,-73.459,6.1923,20.978
346.21,-5.7583,391.59,-59.952,18.554,38.096
346.03,-7.2566,395.3,-64.204,10.487,26.07
345.85,-7.0707,401.19,-70.464,9.8071,29.446
345.64,-6.8591,398.84,-70.56,13.4,33.214
345.44,-8.025,397.97,-74.067,12.711,31.479
345.23,-7.8147,398.77,-77.082,12.336,36.3
344.99,-7.5761,395.37,-72.724,14.423,42.352
344.78,-7.36,395.1,-70.218,13.008,39.737
344.59,-7.5126,396.54,-71.236,12.084,35.722
344.38,-6.285,394.99,-67.201,13.497,38.641
344.19,-6.4315,392.62,-60.083,13.792,37.784
344.03,-5.2525,395.67,-57.297,11.257,32.245
343.89,-3.4331,391.15,-50.099,14.038,27.092
343.76,-3.3056,385.61,-39.879,14.233,23.34
343.69,-2.5761,387.79,-40.69,10.301,10.696
343.61,-2.1634,385.05,-34.495,12.516,13.867
343.57,-4.7882,392.89,-40.99,7.7242,6.2528
343.52,-3.4001,402.42,-52.162,7.145,7.9878
343.41,-3.9568,395.76,-43.688,14.665,22.397
343.35,-3.8964,399.86,-49.128,9.5688,11.172
343.27,-3.8177,397.67,-49.389,12.393,15.089
343.18,-1.4098,389.04,-42.717,15.074,15.871
343.1,0.29741,372.14,-26.198,18.241,12.462
343.08,1.5973,360.65,-18.481,14.902,-5.3272
343.09,1.9121,350.32,-11.714,14.021,-11.582
343.09,5.0304,338.65,0.83407,14.467,-13.225
343.12,7.7346,318.9,22.283,17.175,-22.459
343.21,10.012,302.87,38.475,14.36,-42.433
343.34,11.339,290.05,53.64,12.292,-54.065
343.5,13.17,282.13,63.312,9.3781,-67.974
343.68,14.947,271.5,76.959,10.038,-74.732
343.9,16.375,262.61,85.513,8.3382,-89.797
344.13,19.626,248.08,100.6,10.225,-96.094
344.39,22.226,227.62,122,11.857,-108.03
344.68,23.955,213.26,139.64,8.2953,-124.14
345.03,25.596,204.54,148.8,4.7782,-142.39
345.39,26.456,195.23,157.08,4.4023,-151.5
345.76,25.105,194.07,159.3,0.71622,-156.62
346.14,28.34,193.73,161.43,0.23675,-158.57
346.5,27.267,183.17,174.57,4.4257,-158.2
346.9,29.686,185.11,174.26,-1.5999,-171.74
347.27,32.278,169.29,193.01,5.8372,-169.01
347.68,32.094,161.27,204.91,1.6266,-184.08
348.12,34.748,159.59,208.7,-1.8364,-196.88
348.54,36.472,145.18,225.29,3.2143,-199.02
349,37.494,137.47,236.15,-0.44121,-212.5
349.47,38.479,134,244.26,-2.7277,-220.52
349.95,39.435,131.95,251.15,-3.7834,-227.3
350.44,39.755,131.53,255.25,-4.9393,-234.35
350.93,41.857,128.74,262,-4.2065,-237.69
351.41,44.485,117.91,284.39,-0.77716,-235.3
351.93,45.285,114.77,292.43,-5.683,-261.31
352.48,45.115,115.91,292.4,-8.182,-272.09
353.02,46.067,115.5,294.12,-7.5585,-271.97
353.54,46.825,110.77,301.6,-5.7861,-271.64
354.09,47.365,107.8,301.03,-7.3857,-284.46
354.63,47.368,101.72,303.82,-6.0627,-283.43
355.17,48.432,95.77,305.85,-6.3501,-286.63
355.69,48.612,87.178,314.75,-5.0905,-283.75
356.24,48.94,85.445,313.04,-8.719,-295.6
356.77,48.234,82.405,314.34,-7.9694,-292.18
357.31,49.083,81.393,310.59,-9.1255,-296.73
357.81,49.26,73.068,319.9,-5.4947,-287.12
358.34,48.389,75.105,315.96,-10.528,-298.49
358.86,47.182,80.061,309.02,-11.527,-295.36
359.37,47.019,83.491,301.25,-10.683,-291.91
359.85,47.739,78.733,306.52,-6.5322,-279.99
360.33,47.08,76.755,303.96,-8.3359,-289.54
360.81,45.407,80.131,301.04,-10.064,-282.5
361.28,44.762,89.604,290.39,-12.56,-282.26
361.73,44.145,93.149,288.78,-9.2854,-269.66
362.17,43.7,98.289,281.53,-10.145,-272.5
362.59,43.104,100.01,280.76,-8.1073,-262.98
363.02,42.509,104.98,275.66,-9.4944,-263.66
363.42,42.276,108.38,274.16,-8.4233,-257.22
363.83,41.871,111.8,269.77,-8.5521,-258.8
364.22,41.303,113.85,266.01,-7.7872,-255.71
364.61,40.745,116.27,263.28,-7.6387,-251.13
364.98,40.542,119.14,261.1,-7.6072,-247.87
365.36,39.995,121.59,256.71,-7.4951,-248.59
365.72,38.762,125.56,253.65,-7.6749,-241.98
366.08,38.403,132.69,245.59,-8.9501,-241.58
366.41,37.541,136.1,245.93,-6.6171,-229.66
366.75,36.494,145.97,237.13,-9.5069,-233.06
367.08,35.992,152.96,231.5,-7.7889,-225.18
367.39,36.21,155.91,229.61,-5.8262,-220.54
367.69,36.262,156.36,233.71,-4.4404,-215.2
368.01,36.475,159.28,229.66,-6.1085,-224.64
368.3,36.527,157.55,234.06,-3.6843,-217.01
368.6,36.922,159.36,236.36,-5.3229,-219.57
368.9,38.171,158.67,241.35,-4.424,-221.32
369.21,37.69,157.5,241.41,-4.8849,-230.72
369.52,37.384,159.7,239.96,-6.1622,-229.17
369.82,38.106,160.46,242.29,-5.3387,-225.62
370.11,39.324,157.75,250.93,-3.8492,-224.58
370.42,40.343,155.09,255.79,-4.6422,-235.68
370.72,40.692,151.9,261.81,-4.6665,-239.03
371.03,41.032,152.71,265.48,-6.5718,-242.75
371.35,41.523,154.07,266.13,-7.1972,-248.44
371.67,41.851,153.02,269.38,-6.2305,-248.61
371.98,42.648,151.47,271.05,-6.3707,-253.53
372.29,43.75,145.55,279.03,-4.5324,-252.75
372.61,45.288,139.15,288.89,-4.7181,-258.16
372.94,46.628,131.45,294.51,-5.1583,-272.04
373.27,47.796,121.33,307.92,-4.1094,-271.19
373.6,49.662,115.59,320.64,-6.4805,-279.29
373.95,52.035,108.31,334.37,-6.6403,-290.64
374.31,53.076,101.1,345.86,-7.6292,-304.29
374.69,53.394,99.599,349.15,-10.852,-316.86
375.06,54.936,96.331,354.83,-10.293,-319.12
375.44,56.708,87.379,366.32,-8.2724,-323.48
375.83,58.295,77.875,377.3,-8.8052,-334.26
376.22,59.579,69,387.16,-9.7561,-344.1
376.62,60.957,61.559,399.56,-10.666,-348.59
377.03,62.664,56.106,409.3,-12.285,-360
377.45,63.953,48.777,416.6,-12.393,-372.47
377.88,64.008,42.381,420.74,-13.365,-380.79
378.3,64.781,38.792,426.2,-14.501,-380.45
378.73,64.946,36.788,430.12,-15.482,-385.07
379.16,64.867,37.819,428.75,-17.138,-390.85
379.59,64.321,39.318,428,-17.177,-388.53
380.01,65.189,40.756,428.96,-17.016,-386.47
380.43,66.619,35.628,436.5,-14.361,-386.9
380.85,67.447,29.304,443.95,-14.406,-394.45
381.28,67.694,26.162,448.37,-16.16,-400.75
381.71,68.825,23.902,453.45,-16.699,-403.18
382.14,69.494,19.921,460.26,-16.289,-407.28
382.58,69.165,19.898,459.13,-18.616,-417.22
383.02,68.836,20.693,455.17,-19.038,-418.34
383.45,68.842,19.038,454.21,-17.759,-414.31
383.87,68.739,16.155,451.85,-17.385,-416.06
384.3,68.53,11.524,449.51,-16.647,-415.65
384.72,68.974,4.7413,451.4,-15.483,-411.53
385.13,69.416,-2.3738,458.77,-15.1,-407.91
385.54,69.426,-3.5423,463.07,-17.805,-411.59
385.96,69.324,-0.43546,461.2,-19.978,-417.45
386.37,68.908,1.9447,458.4,-19.686,-417.43
386.79,67.224,7.65,453.22,-20.824,-414.12
387.19,66.283,18.294,443.72,-22.535,-409.52
387.59,64.588,26.967,431.86,-21.456,-405.58
387.98,62.778,35.777,419.77,-20.815,-395.55
388.35,62.076,42.787,411.98,-19.187,-382.8
388.71,61.049,47.816,407.51,-17.806,-374.63
389.07,59.908,55.328,397.68,-18.778,-373.88
389.41,58.999,60.474,391.19,-17.148,-364.42
389.75,58.776,64.159,388.53,-15.999,-356.51
390.08,57.765,68.58,384.95,-16.154,-354.35
390.41,56.75,76,375.39,-17.401,-354.51
390.73,55.511,81.56,368.74,-15.986,-345.16
391.05,54.272,89.517,362.1,-16.416,-337.23
391.35,53.735,97.882,355.81,-16.146,-330.94
391.65,52.616,104.66,348.96,-15.261,-327.55
391.94,51.26,113.17,341.64,-15.481,-320.55
392.22,50.38,122.93,334.74,-15.453,-312.78
392.5,49.746,131.31,329.47,-14.456,-306.6
392.77,49.233,137.97,322.93,-13.648,-305.04
393.03,49.09,140.73,320.59,-11.619,-298.99
393.29,48.47,143.44,319.38,-11.382,-295.8
393.55,48.695,147.55,318.44,-11.783,-293.32
393.81,48.32,150.19,316.89,-11.261,-294.42
394.06,48.187,153.39,315.26,-11.377,-292.69
394.31,48.178,155.56,314.63,-10.856,-291.3
394.55,48.408,156.57,315.22,-10.34,-290.66
394.8,47.682,158.47,312.61,-10.903,-293.41
395.05,47.316,162.06,308.8,-11.416,-290.86
395.29,46.715,165.12,306.78,-10.884,-286.26
395.53,46.838,168.74,304.87,-10.955,-284.03
395.76,46.362,170.52,302.17,-10.264,-284.84
396,46.13,172.42,299.92,-10.116,-282.02
396.22,46.38,172.59,299.99,-9.2263,-279.46
396.45,46.393,171.81,302.08,-8.7628,-278.34
396.68,46.164,173.26,299.63,-9.9815,-282.57
396.91,45.579,174.7,297.24,-9.8231,-280.37
397.13,45.595,176.51,295.24,-9.7906,-277.69
