665.67,-289.08,9875.2,-9463.9,0,-0.92827
376.64,-0.055716,414.34,-2.6179,233.38,8233.1
376.56,0.71378,413.04,-1.3937,0.73702,2.1959
376.64,-0.75619,411.74,1.8424,-1.9651,3.1498
376.56,0.25464,411.73,3.4545,1.5386,-0.00067539
376.56,0.71518,412.63,2.5541,0.25526,-3.0051
376.55,1.6461,412.72,4.3488,0.33798,-0.33573
376.65,0.85452,413.84,2.8108,-2.0146,-4.2008
376.62,2.2515,413.95,4.6943,0.67691,-0.4493
376.69,2.6385,414.73,4.9285,-1.3661,-3.0703
376.75,3.2466,415.5,5.3682,-1.4566,-3.0759
376.9,2.2015,415.91,8.033,-3.5199,-1.5958
376.95,2.595,417.6,6.4881,-1.3268,-6.8438
377.02,2.9775,418.9,5.5442,-1.6465,-5.2848
377.11,2.8858,420.14,4.1387,-2.4037,-4.9952
377.25,1.3996,421.13,2.7768,-3.6811,-3.9745
377.25,2.5262,421.93,1.1049,-0.0024565,-3.2846
377.3,2.9188,422.25,0.44624,-1.592,-1.2963
377.39,2.6088,422.93,-2.5813,-2.5798,-2.7364
377.52,0.44049,422.2,-1.0138,-4.1401,3.0788
377.53,0.42937,421.67,0.81206,-0.35561,2.1776
377.53,0.88827,421.92,0.22072,0.10895,-1.0434
377.53,1.7989,421.9,0.50293,0.18789,0.071846
377.62,-0.11567,422.62,-2.6788,-3.2705,-2.8976
377.6,0.59249,422.21,-2.893,0.77909,1.6982
377.59,1.2793,421,0.7473,0.20273,4.9479
377.6,2.1766,420.52,3.8094,-0.13189,1.9392
377.65,1.8989,420.78,5.8353,-1.9817,-1.0282
377.64,3.6872,421.49,7.3087,0.2488,-2.8965
377.69,4.9602,422.54,8.3696,-1.6609,-4.2517
377.76,5.9699,423.79,9.3092,-2.9209,-5.0863
377.88,5.6296,425.31,9.7569,-5.0352,-6.1313
377.95,7.274,427.15,8.9017,-2.8317,-7.4993
378.06,8.6447,428.74,8.6489,-4.397,-6.4115
378.21,8.9091,430.26,8.5111,-6.5613,-6.1345
378.4,7.6733,431.73,8.6153,-8.2395,-5.8377
378.51,8.8175,433.38,7.7943,-4.9394,-6.6659
378.64,10.137,434.93,6.7611,-5.6735,-6.2599
378.79,11.208,436.25,6.0576,-6.9616,-5.2677
378.99,10.601,438,2.5908,-9.4538,-6.9878
379.18,9.7968,439.03,-0.23765,-9.1695,-4.0518
379.32,10.672,438.82,0.72145,-6.8916,0.96192
379.49,11.115,439.14,-0.098526,-8.0101,-1.1345
379.71,8.6532,439.35,-1.0724,-11.211,-0.67333
379.86,7.8847,439.38,-2.0186,-7.6049,0.016918
380.01,6.4875,439.46,-4.0312,-7.6153,-0.17867
380.11,6.174,438.73,-3.7284,-5.4472,3.0818
380.22,5.2208,438.03,-3.3006,-5.8281,2.972
380.29,5.3586,437.68,-4.32,-4.0031,1.503
380.38,5.0644,437.22,-5.663,-4.5376,1.9575
380.43,6.2769,435.94,-3.992,-2.8253,5.3129
380.55,4.2529,434.86,-1.8093,-6.9681,4.5711
380.59,5.4865,434.46,-1.3203,-2.1622,1.666
380.64,6.4755,434.15,-0.82642,-3.3821,1.3324
380.72,7.2308,433.9,-0.21455,-4.3978,1.0857
380.83,6.0774,433.85,-0.0052646,-6.8759,0.34344
380.9,6.6311,433.83,0.1873,-4.282,0.17417
380.99,6.9648,433.86,0.28701,-4.9392,-0.032672
381.06,8.1263,433.9,0.40016,-4.3906,-0.09358
381.13,9.6674,433.86,1.0824,-4.9409,0.28674
381.23,11.364,434,1.3861,-6.0134,-0.49057
381.33,13.793,434.17,1.8743,-6.6426,-0.55218
381.45,16.889,434.35,2.7048,-7.9184,-0.61384
381.67,16.115,434.58,4.1554,-14.195,-0.67282
381.84,17.243,434.98,5.9727,-11.707,-1.4015
382.01,19.447,435.93,6.5579,-11.545,-3.663
382.21,21.393,437,7.0248,-13.557,-4.1598
382.47,20.063,438.22,7.2834,-18.336,-4.6359
382.67,21.983,439.58,6.9516,-14.077,-5.307
382.9,23.142,440.9,6.6101,-16.358,-5.0744
383.17,22.356,442.11,6.5406,-19.201,-4.6063
383.42,21.932,443.32,6.4188,-18.222,-4.6034
383.65,22.742,444.48,6.3841,-16.67,-4.454
383.88,23.189,445.56,6.7691,-17.675,-4.0885
384.13,23.458,446.73,7.0436,-18.21,-4.4446
384.39,22.345,448.06,6.7667,-19.79,-5.0737
384.61,22.801,449.63,4.9987,-17.356,-6.0877
384.84,23.25,450.64,4.5129,-17.729,-3.8194
385.07,23.863,451.57,4.0345,-17.929,-3.4731
385.31,23.958,452.67,2.3033,-18.93,-4.1418
385.55,24.222,453.44,0.73645,-18.842,-2.7995
385.78,24.316,454.18,-2.0265,-19.223,-2.664
386.02,24.744,454.37,-4.3779,-18.97,-0.40217
386.26,24.501,453.87,-5.2387,-19.975,2.4436
386.48,25.257,452.91,-4.5783,-18.798,4.2639
386.72,25.344,452.24,-4.772,-20.065,3.1205
386.95,26.083,451.57,-5.1315,-19.491,3.1204
387.21,25.021,450.71,-4.7896,-21.864,3.9445
387.44,24.459,450.03,-5.1122,-20.524,3.1663
387.67,24.561,449.26,-5.2563,-19.421,3.5313
387.89,24.5,448.33,-4.7169,-19.666,4.1825
388.13,23.125,447.57,-4.5218,-20.918,3.5332
388.33,23.247,446.78,-4.0774,-18.342,3.5875
388.53,23.861,445.92,-2.9092,-17.955,3.8571
388.73,24.627,445.35,-2.1694,-18.297,2.6974
388.95,23.761,445.04,-2.086,-20.524,1.6609
389.16,23.88,444.71,-1.8646,-18.86,1.7073
389.36,23.999,444.49,-2.0332,-18.957,1.2394
389.55,24.921,444.16,-1.7613,-18.259,1.7088
389.77,23.906,443.97,-1.9332,-20.914,1.1719
389.96,24.509,443.72,-1.9689,-18.504,1.3926
390.16,25.42,443.32,-1.2635,-18.683,2.0139
390.36,26.156,443.11,-0.93731,-19.585,1.2193
390.57,26.098,443.04,-0.971,-20.96,0.70718
390.77,26.511,442.99,-1.2052,-20.451,0.56768
390.98,26.608,442.83,-1.0331,-21.094,1.0605
391.19,26.859,442.73,-1.0173,-21.021,0.81425
391.41,25.871,442.59,-0.72647,-22.451,1.0297
391.62,25.823,442.39,0.063082,-20.732,1.2207
391.81,26.241,442.29,0.99376,-20.234,0.78025
392.01,26.346,442.32,2.0957,-20.879,0.26962
392.22,25.526,442.51,3.4046,-21.881,-0.33064
392.4,26.562,443.08,3.8226,-19.388,-1.9713
392.6,26.971,443.66,4.5838,-20.84,-1.9822
392.79,27.827,444.37,5.3558,-20.725,-2.5061
393,27.469,445.33,5.5588,-22.614,-3.4962
393.2,28.165,446.37,5.4914,-21.284,-3.8604
393.39,28.998,447.31,5.9207,-21.708,-3.4124
393.6,29.815,448.31,6.391,-22.39,-3.677
393.81,30.037,449.41,6.781,-23.636,-4.0657
394.02,30.112,450.61,7.0336,-23.961,-4.4475
394.23,30.908,451.88,7.1592,-23.307,-4.7286
394.44,31.262,453.09,7.6646,-24.384,-4.5072
394.66,30.612,454.52,7.5557,-25.664,-5.3493
394.86,32.247,456.04,6.8071,-22.881,-5.7979
395.06,34.664,457.18,7.3959,-23.414,-4.1975
395.29,35.517,458.41,8.0885,-26.902,-4.5126
395.53,36.085,459.9,8.0426,-27.869,-5.5867
395.76,37.443,461.39,8.005,-27.542,-5.5492
396,38.898,462.72,8.7058,-28.534,-4.9255
396.25,40.572,464.28,8.929,-29.483,-5.7958
396.51,41.446,466.08,8.1047,-31.62,-6.7856
396.75,44.648,467.51,8.4467,-30.01,-5.278
397.03,45.809,468.89,9.4288,-34.602,-4.9851
397.33,46.586,470.28,11.253,-35.913,-4.9904
397.62,46.759,472.24,11.794,-37.138,-7.2914
397.91,47.869,474.34,12.052,-36.348,-7.9005
398.21,48.723,476.31,13.23,-37.492,-7.3383
398.51,50.244,478.55,14.019,-37.518,-8.4729
398.82,50.152,480.89,15.112,-40.337,-8.7713
399.13,51.185,483.66,14.862,-39.15,-10.618
399.44,52.196,486.48,14.226,-40.002,-10.75
399.76,52.749,489.12,13.922,-41.267,-10.034
400.07,53.725,492.01,12.104,-41.293,-11.038
400.39,54.574,495.27,6.8554,-42.203,-12.521
400.72,55.407,497.25,3.5524,-42.902,-7.2848
401.05,55.805,498.07,3.311,-44.001,-2.5104
401.38,55.678,499.51,-0.2534,-44.844,-5.0094
401.71,56.382,500.83,-6.3583,-43.919,-4.5626
402.04,56.664,500.51,-9.3917,-44.905,2.1785
402.37,56.739,499.69,-12.479,-45.339,4.2577
402.7,56.405,498.53,-16.578,-45.805,5.6047
403.04,54.842,496.94,-21.991,-46.76,7.4188
403.36,54.936,493.91,-24.801,-43.864,13.284
403.69,52.643,489.43,-22.652,-46.312,19.244
403.99,52.025,485.43,-21.144,-42.812,17.214
404.29,52.253,481.41,-18.248,-41.478,17.27
404.58,52.687,477.79,-14.872,-41.458,15.63
404.88,52.181,474.8,-11.746,-42.741,13.074
405.18,50.313,472.61,-9.9691,-43.691,9.8076
405.47,48.646,470.96,-9.4103,-41.994,7.5795
405.75,46.861,469.64,-10.093,-40.775,6.1868
406.02,45.727,468,-9.7129,-38.701,7.5093
406.28,44.26,466.64,-10.519,-38.124,6.2888
406.53,42.674,465.09,-11.062,-37.066,7.0596
406.77,41.194,462.9,-8.8021,-35.69,9.6866
406.99,40.055,461.15,-6.8695,-34.167,7.8381
407.22,38.331,459.78,-5.2273,-33.835,6.2522
407.43,36.832,458.44,-2.3309,-32.23,6.106
407.63,35.803,457.66,0.20996,-30.561,3.7886
407.83,35.135,457.34,2.6175,-29.38,1.9005
408.02,33.865,457.57,4.301,-29.443,-0.36454
408.2,32.958,458.1,5.8536,-28.065,-1.6521
408.37,32.541,458.98,6.9818,-26.85,-3.0833
408.55,31.882,460.04,8.2138,-26.758,-3.7892
408.72,30.604,461.79,6.9391,-26.845,-6.6651
408.88,30.073,463.51,4.7256,-25.078,-6.535
409.03,29.419,464.33,5.1267,-24.776,-2.8871
409.19,28.641,464.96,6.8455,-24.376,-2.1098
409.34,27.098,466.09,7.5217,-24.512,-4.1491
409.48,26.834,467.79,5.8414,-22.003,-6.5256
409.61,26.185,468.86,5.8951,-22.174,-3.9563
409.75,25.539,469.76,6.8386,-21.653,-3.2806
409.88,24.763,471.03,6.7592,-21.263,-4.764
410,25.161,472.56,5.1996,-19.474,-5.9051
410.12,25.684,473.49,5.3554,-19.67,-3.435
410.24,25.429,474.4,5.7956,-20.862,-3.3108
410.37,24.659,475.6,5.1569,-21.172,-4.4847
410.49,24.67,476.58,5.0198,-19.778,-3.6401
410.61,24.421,477.45,5.3407,-20.045,-3.1752
410.72,24.434,478.36,5.7158,-19.587,-3.3577
410.84,23.276,479.49,5.3333,-20.762,-4.2244
410.96,22.64,480.69,4.2548,-19.313,-4.5219
411.07,22.27,481.57,3.8171,-18.54,-3.2558
411.17,21.768,482.27,3.943,-18.373,-2.4973
411.28,20.467,483.09,3.573,-18.767,-2.9824
411.38,20.506,483.97,2.5251,-16.39,-3.2777
